114 24224
500 322
526 14163
711 64280
877 113
1016 156478
1405 182
114 98787
169 40
206 7
234 143
256 13
258 18
311 110
317 28973
383 410
389 39
391 33806
526 126
618 25
709 114
711 108
727 2
877 136
899 140
901 132
918 31
926 132
988 5
994 30435
1426 63
1438 9
1611 132
1645 13
1664 8
685 2
307 2
709 10116
1252 35
526 7522
563 1
1016 14370
1231 15249
39 257
123 364
313 63
335 56
389 614
391 36692
526 59
749 137
877 145
956 38
978 896
979 5
982 103
1176 64
1200 1335
1470 245
1837 4
484 3
505 75
1557 1
1721 1
32 181
41 525
49 33
75 94
82 7
114 36848
123 1365
144 1
145 10
149 1
164 15
169 881
206 5489
215 71
237 116
239 20
240 81
246 268436
272 576
311 45227
317 46923
321 1292
375 41
379 598
381 47
383 52057
389 2555
391 148
403 3
435 95343
452 346
478 106
500 48715
526 6981
548 13
585 94
609 11
610 177
613 250
683 816
709 40152
716 107
731 90
735 83
749 95
759 150
760 1299
778 493
875 40790
877 1900
879 5
902 20194
916 169
970 7
978 199
982 124874
989 107634
994 382
1016 139
1022 505
1068 15
1072 1369
1109 37
1162 388
1176 134
1185 22
1189 667
1200 56168
1201 934
1202 91
1231 2085
1240 603
1252 222318
1255 37722
1264 698
1293 1
1316 10
1328 400
1353 4879
1359 56
1372 321
1391 4499
1403 1288
1405 500
1426 1632
1433 41
1437 334
1456 2244
1470 187
1480 114
1485 734
1504 11
1517 2775
1540 20
1549 69
1613 87087
1628 50
1630 24
1631 61
1664 112
1837 3465
240 135
685 3
32 110
41 1
49 40
50 450
52 497
60 8
75 113
86 814
88 405
93 42684
112 8
114 734985
119 112190
123 52
128 28
129 686
135 249
139 38153
142 7406
144 36153
145 45985
149 223
161 2366
162 103141
169 16213
179 20
181 5
206 49464
209 212672
215 353881
226 418
228 5370
239 1000
246 116808
250 53553
256 27
262 333756
266 202565
281 1660
293 235
296 16578
300 693
307 44
311 18198
315 80146
317 302016
320 29
321 19869
324 17181
326 33461
333 217
334 54
336 167
345 555
349 27304
351 1653
353 216948
354 118145
356 54923
368 1667
373 47
379 392
381 40
383 393893
389 85192
391 550322
406 784
432 224
435 150428
439 80218
462 11887
468 55
474 12984
478 176
500 379539
502 97703
503 275915
504 10
512 75250
513 485
522 3
526 14
539 53619
543 106561
545 51
576 156880
587 10698
591 12276
593 841
594 153763
595 12
603 16673
605 5918
615 361842
618 15583
619 233
625 152648
631 8
632 95734
637 2
642 189415
648 148
649 2528
678 18199
683 40
686 1257
709 116768
711 263966
713 138
731 17691
735 49
742 140
760 69009
766 545404
778 343
812 127049
858 2
875 147171
877 436053
882 23
902 553421
910 407014
914 266682
916 37563
926 34
933 37643
937 9280
960 427
963 195182
967 58785
968 51766
970 137629
978 148
982 417044
984 113954
988 16
994 61070
997 272235
1001 157089
1007 14730
1011 221
1018 5997
1022 135
1038 126
1054 143
1068 128282
1072 116054
1080 386
1081 5296
1082 23991
1086 42386
1094 15370
1101 13
1104 1024
1109 224097
1110 410
1111 59
1136 55
1139 456
1149 152
1176 35
1200 593419
1201 24725
1208 9163
1227 218308
1240 218
1242 11926
1252 243299
1255 43520
1264 18202
1270 88442
1277 20797
1280 46010
1281 157565
1286 34
1293 629
1303 184
1308 39
1309 8733
1312 252554
1316 120578
1320 3
1328 205
1348 23
1353 128898
1355 25194
1359 16605
1372 250
1376 1070
1391 39623
1392 102
1402 86759
1403 242
1404 118392
1405 109
1406 9259
1421 151471
1424 8908
1426 13618
1430 217266
1433 49984
1437 198669
1460 230535
1462 414844
1463 37017
1470 2430
1480 796
1483 289
1485 732
1506 23206
1515 58044
1517 104042
1522 115397
1523 43108
1534 3
1543 77613
1566 5783
1573 21
1577 2856
1579 49399
1592 685
1596 25345
1602 1305
1613 221712
1628 3908
1642 4373
1645 10421
1656 170110
1671 58211
1700 274
1702 125
1704 303
1705 194
1706 60596
1820 119619
1822 2813
1837 237715
1847 72239
1848 342
711 31362
982 395
1016 5827
239 143
300 152
959 152
114 57
123 86
215 56
246 51
435 101
462 7
500 18
711 63
735 44
989 52
1022 57
1068 160
1252 4
1258 54
1264 8
1308 103
1433 116
29 131
32 283
41 64
49 27
60 71
75 197
108 1
114 380390
117 20794
123 401
134 27
145 5924
149 117
169 327
176 196
179 11
187 4266
189 69
206 25036
211 460
215 166574
240 423
246 140391
251 158
256 2
258 22864
290 70
293 28
296 375
300 66
307 26
311 59521
317 56956
321 35071
322 33
334 502
337 5
353 18717
356 46787
371 94
373 1252
375 50
379 7960
381 13059
383 166678
389 291621
391 203319
428 3
432 46043
435 160878
452 128
485 1317
496 28
500 59736
506 116
507 27
526 36517
532 193
534 29355
536 71
548 27
560 20
585 485
595 42
609 374
610 25926
613 35296
618 3
619 35
631 5
683 327
685 98
691 113
709 1470
711 71346
716 63
719 1913
731 64853
749 89
755 970
759 7
760 220
766 776
874 75
875 220269
877 118517
879 16
899 29
902 249714
926 60
964 10
970 3387
971 3329
978 159391
982 216120
988 50
989 135
994 44541
998 9
1011 250
1016 464
1021 100
1043 14
1053 377
1066 44142
1068 419489
1072 7953
1162 647
1176 390
1185 83934
1189 309
1200 168292
1231 4
1240 321
1244 136
1252 83896
1255 180438
1258 3173
1264 72640
1277 1473
1304 204
1308 258
1312 85
1313 99
1316 3278
1320 153
1322 2728
1339 1
1353 27738
1358 1397
1359 23
1372 17
1390 1
1391 72208
1403 46157
1405 2309
1406 211
1408 78
1411 21
1426 13930
1433 55864
1437 75001
1456 208
1460 97
1470 921
1479 5
1480 706
1485 403
1497 95
1500 133
1504 3601
1517 58405
1549 84
1573 30
1613 88648
1626 59
1628 64
1631 58
1645 6
1664 870
1752 1
1773 7
1785 23
1820 1
1822 118
1823 20
1837 6155
1843 907
435 1348
1200 11143
1256 1
674 69976
768 1077
828 498
928 2191
948 251
1171 14317
63 63
114 423
206 2014
1219 14
29 9
114 132961
117 5
123 9
145 62
204 45
246 90
258 22
296 53
311 40
317 39608
379 156
383 172
432 15
435 53
500 545
508 9
539 12
605 80
609 8
612 3
691 80
709 90
710 2712
716 33
727 3
899 3
988 8
1029 13
1043 3
1161 15
1176 1
1185 16
1246 2461
1353 44
1376 34
1405 45
1426 8
1628 23
1645 3
1664 376
766 3
1573 5
29 40
52 13
75 8
114 157506
127 8
133 1817
145 1
234 15
237 5
251 4
300 63
311 28
322 94
334 130
353 282
356 36
389 44682
391 26726
403 9
432 116
435 44854
476 3
489 34
502 20
506 99
510 13
534 10
548 100
560 13
588 35
610 5
612 15
618 29
685 38
691 8
709 1304
711 141
719 890
760 63
875 3181
926 3
978 65
982 19182
994 20479
1043 6
1068 34545
1072 54
1101 133
1176 10
1185 151
1200 118612
1304 2
1339 11
1353 95
1359 45
1405 8
1406 20
1408 16
1433 22
1517 2
1540 6
1568 86
1596 2
1617 146
1628 7
1664 67
1700 13
1711 44
1810 48
1826 2
1828 1
67 5
91 10
94 1
122 21
152 2329
308 8
482 37
684 38
817 49
818 25
830 36
844 145
851 3
862 6
1048 162
1190 6
1290 80
1387 248
1422 28
1481 1
1544 9
1743 6
711 16817
875 73
877 40300
982 239
1200 22617
1456 6443
1480 122
176 5
371 2
389 993
574 19
874 1
1449 9
114 34579
211 141
246 133
290 9
391 24107
478 135
507 122
526 256
711 20789
899 4
907 121
956 111
994 19534
1353 41
1372 122
1456 133
1596 74
1645 3
505 21
1536 1
1557 14
1684 1
1721 4
240 1
877 15113
1240 384
1372 310
1433 294
1437 242
1456 3455
1698 4
628 112
38 32
100 2
537 1
685 2
692 6
961 2
1090 2
1221 2
1237 1
1411 6
1418 7
1596 2
1820 12
1837 6
1847 5
114 3949
383 19
435 63825
628 94598
674 81947
766 10985
875 17976
877 155644
1016 4
1437 128504
51 12
484 7
505 189
509 1
564 17
567 21
1034 8
1121 12
1145 2
1622 25
500 4
685 4
1837 5
108 5
41 121
60 15
114 117575
117 1
126 17
169 2
206 24
256 21
290 5
311 33
317 30297
344 10
345 7
383 298
391 36426
432 4
496 32
500 68
508 1
618 3
619 10
691 3
711 54930
716 15
719 107
727 3
872 494
877 171
899 22
918 39
988 19
994 36067
998 6
1072 117
1185 16
1200 41
1264 106
1426 16
1644 6
1645 33
1664 44
1837 4
485 233
719 419
875 12
1433 4
1437 22800
1186 3
1660 1
32 27
206 3
246 28
317 52
321 9
389 14216
485 432
500 7
548 4
692 1
709 33
711 36
719 440
760 7
875 3125
876 113
901 337
940 2
989 95
1068 65790
1200 12
1201 47
1252 55
1255 33
1353 13
1405 69
1470 6107
122 145
152 2823
482 243
505 10
684 173
817 1
830 145
836 9
844 555
851 3
1030 163
1290 160
1310 1
1387 169
1422 164
1481 8
1544 85
1601 2
1660 22
1677 43
1720 3
145 2
215 10
685 2
311 111
435 27441
534 3
610 336
899 16
1022 784
1066 1
1068 14636
1200 13886
1390 3
1411 8
1631 116
127 34
526 145
778 386
901 138
1016 132
1068 164
1264 98
88 4
242 2435
505 3
781 4
1383 7
1467 124
1643 3161
1753 164
246 6
32 132
40 1
123 5
145 87
240 14
334 4
389 20984
428 3
478 47
507 44
595 9
719 918
736 2
875 15235
877 74293
994 6
1068 93
1189 9
1222 3
1255 31392
1304 41
1372 431
1403 7701
1437 38221
1480 6
1482 3
1573 7
1630 257
1807 3
1822 28
1835 3
1847 1
240 1
114 8579
403 94
994 1
41 70
75 38
114 2478
123 8
145 172
163 2
179 10
203 227
206 197
215 222
239 76
240 2
246 548
311 21127
317 386
321 172
322 61
325 30
334 84
353 11
356 14564
361 49
383 13907
389 85464
391 31921
432 39
435 150750
452 4
476 7
485 1015
489 8
500 9252
506 37
510 1
536 41
548 14
588 24
612 202
685 51
709 185
711 77
716 8
719 1098
725 83
731 121
758 18
759 8
760 475
766 174
870 45
872 280
874 28
875 746
877 3375
890 141
901 20
902 12941
918 49
926 4
978 251
982 41
988 10
994 25466
997 14
1011 107
1022 49685
1067 20
1068 141099
1075 2
1176 9
1185 94
1200 188875
1201 96
1252 723
1255 292
1264 7
1277 170
1297 8
1304 12
1328 20
1339 23
1352 8
1353 225
1374 108
1403 54
1405 1
1411 67
1417 101
1456 123
1461 14
1517 2878
1541 25
1549 29
1596 44
1630 28
1631 3
1644 1
1664 232
1752 8
1773 7
1785 377
1820 67
1822 1
1823 11
1826 3
1837 29
133 20702
156 100
240 41
300 6
321 28
334 14
389 57352
391 34
485 517
510 66
525 116
532 122
588 110
610 7
622 146
709 284
711 9
718 130
766 59
875 16485
877 17772
903 134
926 1
989 16
1068 40325
1185 22
1200 5820
1240 208
1252 10
1264 17
1297 34
1403 28
1408 49
1426 24
1433 56516
1437 4837
1456 127
1470 66582
1480 366
1484 118
1517 46
1630 24
1780 8
1822 7
32 75217
33 19801
36 198
39 32
41 126
49 116
75 26536
78 22230
82 234
86 215032
88 127218
114 696264
117 55176
118 7479
119 276
123 63753
134 10402
142 69
145 106514
149 1
156 213
169 14193
176 58526
179 83958
182 21260
189 53
203 68
204 9978
206 79713
211 63763
215 230121
219 15403
237 73
239 20890
240 3
246 137442
251 71655
258 317
266 48958
293 33
296 560
300 48292
306 45
311 107089
313 42
317 205130
321 96318
322 259
325 2959
334 33889
337 3
353 100402
356 97902
361 50010
373 9166
375 105
379 7457
381 39132
383 231332
389 737616
391 385750
403 76704
428 95
432 95373
435 400025
436 252
441 4625
450 1330
452 55
455 53
462 7669
476 33
478 63
485 1106
489 36
491 2831
496 47
500 192182
505 26665
506 137414
510 31366
526 69135
534 18686
535 7612
543 1768
548 98905
549 15
560 5364
576 2052
585 101001
588 84069
591 131
597 5
609 320
610 89883
613 126055
615 153
619 257
622 21403
632 5
648 5400
657 10194
669 17632
674 82319
683 2341
685 86
686 14770
691 27
709 82000
711 170149
716 29869
718 136
719 15789
729 3971
731 136326
732 13287
749 56
752 26
758 8065
759 113
760 41829
766 134234
773 4616
801 15821
870 270
872 11093
874 64
875 403866
877 381261
879 73
890 147
899 7590
902 268986
910 65616
918 111
926 39789
937 1
940 45583
964 23
970 12320
972 12938
978 144622
982 335773
983 12839
988 76
989 386439
994 157614
997 1491
1011 327
1016 126399
1021 42
1022 406215
1029 33377
1047 65974
1053 15227
1054 165
1061 91
1066 131112
1067 41549
1072 39389
1101 331
1106 9609
1109 250
1112 1
1133 166
1139 113055
1162 1287
1171 4360
1176 37217
1185 131661
1189 216
1200 772584
1201 21149
1231 3319
1240 210658
1252 274921
1255 564545
1256 20006
1258 56
1263 10349
1264 86025
1270 177
1277 67
1297 13738
1304 16462
1308 77
1313 64
1316 4388
1317 1027
1320 27844
1321 3939
1322 26841
1328 51
1339 74278
1353 94912
1358 23510
1359 11696
1372 1023
1376 11891
1390 48246
1391 159465
1402 48
1403 192290
1405 69684
1406 435
1408 5
1411 15926
1417 148
1425 4
1426 52573
1433 507521
1437 352262
1438 2401
1454 4665
1455 68
1456 80872
1457 11105
1462 7483
1470 243677
1480 96548
1485 101593
1500 3
1512 26
1515 28
1517 233970
1518 859
1522 703
1523 15
1525 98
1527 24357
1534 789
1543 1302
1549 3
1611 2395
1613 130522
1616 118
1628 27583
1630 48396
1631 22557
1632 2393
1645 12495
1664 529
1752 18576
1773 63591
1782 39
1785 163
1807 31681
1808 7874
1820 29549
1822 72608
1823 81752
1826 34555
1831 69853
1835 3
1837 81312
1843 7364
1844 867
75 3350
1837 20
32 1696
39 114
41 192
49 22
75 161
82 67
114 545321
123 8543
133 130
144 28
145 896
149 20
162 7
169 39922
179 6
204 137
206 86544
211 36
215 27957
232 147
239 2947
240 1599
246 112139
250 102
266 1162
296 301
300 58
311 12284
317 189371
321 277
334 119
343 38
353 482
356 23739
361 215
375 11
379 184132
381 95
383 89820
389 190920
391 235857
432 54
435 59012
478 2355
481 283
496 13
500 87059
506 38
507 59
512 72
526 56536
548 2
560 96
585 571
591 177
594 591
605 169
609 135
619 57
625 57
683 277037
685 1
686 391
693 117
709 78510
711 437942
719 364
727 24
731 1575
735 111
749 763
759 1
760 4314
766 109834
875 72516
877 102193
879 14
899 98
902 79305
908 258
910 1528
916 104
918 1233
964 425
970 278
978 16496
982 125320
989 45940
994 86641
997 2112
1004 65
1011 282
1016 113260
1022 7184
1027 2
1029 282
1066 101
1068 36226
1101 22
1162 6538
1176 4526
1185 73
1189 491
1200 174636
1201 1266
1231 490
1240 1624
1250 25
1251 267
1252 67914
1255 45955
1264 1208
1308 75
1320 1288
1328 62
1339 17
1353 3067
1356 198
1359 505
1372 901
1391 44
1403 8499
1404 3389
1405 8741
1406 101
1411 191
1426 3582
1433 2209
1435 132
1437 11284
1456 749
1462 54
1470 31997
1480 795
1485 393
1517 35040
1540 176
1549 180
1573 2
1611 6
1613 94046
1617 103
1628 1520
1629 123
1630 30
1664 93
1671 25
1752 29
1823 3
1831 53
1837 4071
432 108
1372 103
216 2
1837 4
114 2816
240 1
317 13
334 44
389 51080
391 12724
500 1579
709 27
711 14454
877 1031
982 4
1189 8
1200 7495
1470 5226
1837 6
847 368
1724 3772
519 7
1573 5
766 322
1016 264
114 28332
334 17
381 23
389 127
391 103802
435 16440
478 12
711 136756
716 23
766 10051
875 33053
978 35
982 1158
989 45
1016 5344
1072 13
1185 21
1200 11040
1255 48
1353 5
1359 8
1403 24
1405 5364
1426 31
1470 39
114 70809
215 72513
317 71624
383 964
389 3044
435 164
500 131779
709 122897
711 2631
766 79310
877 85564
1016 22619
1200 164951
1252 72831
1264 270
1391 1010
1437 96006
1470 202
1171 29
910 7
164 129
1016 41711
193 8
1245 108
1255 3
802 11
38 5085
215 19486
383 4233
494 1
498 3770
500 5
651 4
685 1178
702 1526
902 4843
1037 3
1072 18
1221 5
1320 2916
1573 319
78 164
432 70
506 131
548 144
716 67
1256 26
1438 41
1517 7206
1795 118
156 6
168 2
1240 140
1433 1261
114 38979
164 2
215 11
391 163
500 45360
766 150792
877 84
1016 14420
1252 3
1437 342
505 1
596 53
123 3
577 5
628 122
596 8
29 8717
41 61213
75 23
114 121216
119 4
126 326
169 34
204 7
206 91
215 35009
239 274
246 159
258 12
293 1
307 132
311 16
317 177173
321 7
356 181
375 2
383 7431
389 49
391 5667
435 54167
500 30789
526 33151
560 5191
576 2
605 3
613 5116
618 51
691 2
693 9197
709 5
710 12415
711 5
731 210
749 110
759 1
760 10
766 36
890 2989
899 24
902 131859
918 22
970 7
978 3
982 115
988 145
994 9
1004 6
1029 128
1068 284
1072 5
1109 1137
1200 28574
1201 73
1202 4119
1230 9604
1246 135
1252 12318
1264 7643
1316 13
1320 52
1322 22
1353 9
1374 226
1391 61
1406 87
1426 213
1450 2
1457 1
1463 147
1497 2312
1517 132
1617 141
1645 4813
1752 2
1780 7
1795 5596
1818 1203
1837 10
88 6
152 1403
604 2
860 3
1130 5
1190 104
1266 2
1310 3
1608 1
526 125
709 35
766 1536
1016 896
240 1
246 3
321 5
389 8976
435 3
500 37
711 22724
875 51
877 34249
1068 9383
1255 52217
1372 103
1405 3
1408 2
1433 7213
1437 552
1456 37
1485 4
1630 5
628 6328
674 8705
877 69086
766 4608
29 293
39 49
41 166
60 6
114 153005
145 121
149 2
169 5
206 148
215 20028
234 48
239 17
246 13758
256 152
290 105
311 984
317 84094
321 115
356 80
383 25247
391 14129
435 2949
500 70131
502 4
526 207694
560 293
619 134
691 149
709 17
711 8980
727 10
731 731
766 93981
877 160
902 19304
982 66099
989 7
1011 36
1016 221625
1022 46
1068 241
1072 195
1101 1180
1176 146
1200 517
1201 146
1231 692
1252 46309
1264 4901
1353 224
1359 267
1391 115
1405 133
1470 6
1517 80
1549 31
1573 36
1617 141
1645 91
1795 117
49 196
526 865
1016 59
1122 352
215 7
379 4
506 2
766 52371
877 233
1016 11
1390 7
1573 10
1435 4037
1462 162
88 922
383 1
435 38353
505 359
628 109226
674 118148
877 3905
1499 22128
801 79
976 30
1122 115
1302 189
1613 52
1810 74
1835 97
1583 53
91 13
152 1
505 31
977 282
1057 3
1383 21
1557 12
1570 4
1111 286
1118 147
1359 36
1127 169
454 7
1724 32
716 164
1176 1189
1189 266
1302 97
1361 976
1682 140
123 120
561 90
683 209
88 27
264 398
794 1
804 8
854 5
1307 2
1429 8
152 1400
369 113
458 5
604 1
684 6
816 7
836 20
844 8
851 10
859 2
860 3
1102 6
1190 277
1266 7
1310 2
1608 76
1677 16
1746 115
47 59
70 8
402 4
464 3
726 11
826 3
836 1
859 8
860 1
70 25
88 94
402 8
720 4
726 231
796 5
819 10
826 18
1236 16
1305 34
1307 1
49 43
1068 166
537 4
685 31
692 13
1364 4
1573 2
49 77
1613 55
107 41
60 9
88 1436
114 103145
145 9
215 12691
234 4
246 167
356 13
389 9814
391 163837
435 126430
500 79299
505 1383
628 524097
674 853766
709 141622
711 91213
766 308798
828 56497
870 3819
877 522141
982 1595
994 3
1016 235
1068 122791
1171 5
1200 303251
1240 64071
1255 8
1378 1861
1403 2734
1405 983
1433 153374
1437 338837
1470 25414
1499 139205
711 149
246 181
619 1
1231 4
65 21
71 99
88 23
113 19
227 1471
231 63
505 86
1217 17
1265 23
1416 909
1659 10
51 26
94 1
152 5
484 5
505 1508
567 1153
647 20
689 42
787 527
806 1
814 4
844 13
865 40
1040 2
1186 2
1346 33
1557 5
1660 17
67 3
115 35
152 2625
369 20
458 1
816 16
817 8
836 9
851 9
860 1
862 11
1190 11
1266 5
1601 2
1608 5
1733 22
1743 58
1746 36
544 6
921 15
526 18
766 130
877 2
1016 153
1408 2
692 1
685 1
537 8
685 11
685 5
889 5
526 48
778 47
1127 86
1433 141
1200 2
343 190
532 134
711 71
760 59
783 595
1255 55
114 55269
169 19
311 33
317 98629
356 24
375 1
381 12
609 14
618 5
727 44
918 23
988 11
1022 8
1027 2
1201 7
1277 1
1426 24
1438 31
1504 2
1596 1
1645 3
1700 4
32 81802
36 1011
39 93
75 351
82 178
99 2
114 16152
123 38753
133 16
145 2005
156 206
157 1
158 3909
169 1383
184 2553
189 50
196 21112
206 25234
211 56395
215 22108
233 46
239 472
240 398067
246 11568
251 2
311 1130
321 103
331 2
334 32
353 461
356 137
379 22616
383 1
389 206133
391 652
435 1215
471 121
478 3060
494 16150
507 100
510 24
526 951
536 52
579 94229
585 63183
674 82637
683 78156
686 73
709 39583
711 247
719 702
731 1997
749 415
758 26
759 16
760 1697
766 82373
828 23103
875 301716
877 374091
879 78
902 1197
903 168241
918 1585
956 154
964 2188
978 34583
982 5527
989 120492
994 39
997 178
1011 986
1016 29
1021 54
1022 377
1031 131
1067 53
1068 2386
1072 7215
1106 59
1120 4
1170 105
1171 54285
1176 1559
1185 2169
1189 252062
1200 1184
1201 1430
1240 228555
1252 4342
1255 346927
1258 48
1264 709
1304 281
1308 37
1320 402
1322 290
1353 1318
1372 66847
1403 363588
1405 5716
1408 14
1423 9
1426 158
1433 391294
1437 54
1457 115
1460 2
1470 238845
1480 163
1482 5
1485 248817
1517 10106
1524 2
1540 86
1573 14
1575 2851
1582 1029
1594 4043
1613 934
1628 393
1630 13354
1698 2
1837 54
1841 832
1843 608
1844 87
711 9624
877 525
674 157
31 30
185 1
505 17
567 8
712 17
1207 48
1217 953
1349 36
1446 112
1729 21
1742 5
246 173
921 7
1779 4
201 47
334 56
875 99
88 9080
114 1536
215 23
240 31
246 13
389 27947
391 79201
672 3
674 1003706
675 115
709 3541
711 7537
753 32214
766 1234
828 94462
875 5269
877 424676
899 206
911 29583
928 17
948 76
1024 16445
1068 3381
1083 25
1162 52062
1200 32110
1240 126698
1255 86871
1403 27518
1433 163527
1437 180697
1456 16532
1470 9950
1480 35663
1485 13671
1773 910
1822 86236
1831 14258
75 2319
685 1
29 60
32 568
36 14
39 172
41 89
48 18
75 50
78 77
82 43
114 111664
117 10
123 4246
127 26
145 202
156 31
169 286
181 32
204 14
206 2173
211 120
215 216
239 186
240 1354
246 33800
258 27
290 33
293 62
311 824
313 205
317 121
321 1439
334 597
335 253
337 16
343 42
356 1274
375 25
379 92361
389 265379
391 287921
403 34
432 235
435 40902
452 29
460 37
476 1431
478 65
485 687
500 14399
507 150
508 43
526 253
536 65
548 80
585 189
588 42
605 151
609 508
610 8
613 13
618 53
685 1
686 231
691 130
709 17700
711 140524
716 161
719 1271
731 77
735 93
749 19
759 77
760 586
778 589
872 8
875 59106
877 28540
879 188
899 23
902 14
903 76
907 126
926 259
943 95
947 33
964 1738
978 44811
982 8039
988 13
989 13870
994 46381
997 27
998 33
1004 44
1008 63
1011 227
1016 38
1022 72
1027 4
1029 66
1066 28
1068 35430
1072 2194
1081 9
1101 4
1123 166
1127 251
1156 94
1162 792
1185 127
1189 1258
1200 131394
1201 206
1231 6
1240 803
1244 10
1251 76
1252 319
1255 72519
1264 300
1304 95
1308 39
1320 45
1322 1
1339 40
1353 258
1359 135
1361 867
1372 439
1376 74
1390 2
1391 33
1403 1243
1405 7835
1406 2
1411 46
1417 22
1426 1803
1433 3136
1437 2277
1438 126
1450 34
1456 217
1470 46341
1480 2502
1485 544
1517 58320
1527 2
1596 246
1613 2740
1628 38
1630 2071
1631 118
1645 89
1664 293
1682 198
1700 106
1737 94
1752 40
1807 4
1820 32
1822 44
1823 2
1837 46
628 8011
49 90
1573 2
176 462
389 27
582 2
592 3
47 3051
68 90
81 2
820 6
825 2
827 1
832 13
1203 5
1429 7
556 3
1329 24
1347 2
32 332
52 82
75 111
82 2
114 93505
123 90
134 4
145 803
158 14
163 4
169 341
179 36
204 103
206 4180
211 25
215 449
239 97
240 1148
246 1543
256 85
258 3
290 48
311 255
321 875
334 334
343 6
356 18731
361 98
379 1310
381 57
383 34091
389 400189
391 175741
432 86
435 64098
462 115
476 11
478 168
500 36769
502 12
507 295
510 22
526 2019
532 76
560 48
585 432
605 28
609 262
610 28
613 347
669 22
683 2076
691 25
709 713
711 107830
716 47
719 1477
731 4134
749 109
759 52
760 57
872 95
875 99893
877 4069
899 27
902 12605
903 37
911 61
918 14
936 1083
964 2
972 32
978 528
982 16999
988 25
989 176456
994 46500
998 29
1011 411
1022 87411
1029 174
1047 13
1066 196
1068 132908
1072 442
1081 77
1162 914
1171 273
1176 120
1189 1129
1200 233718
1201 789
1225 2
1231 14
1240 1895
1244 18
1252 417
1255 161861
1256 74
1264 182
1297 9
1304 61
1328 9
1339 29
1353 869
1359 138
1372 71
1376 26
1391 129
1403 3525
1405 2412
1426 542
1433 1100
1435 341
1437 6388
1438 22
1456 1039
1470 45769
1480 766
1485 3263
1517 87644
1540 20
1549 14
1568 66
1596 70
1613 4316
1628 8
1630 274
1645 52
1664 181
1700 3
1752 25
1783 30
1799 7
1820 16
1822 21
1831 28
1837 311
88 29726
122 3
152 145
185 4
227 57
231 17
398 243
402 17
427 27
445 157
475 1615
482 49
483 26
505 38
567 77
568 2859
600 1311
602 11
684 36
712 5
806 1
814 1274
830 6
834 116
844 26
849 1606
949 3
1046 5
1057 6
1174 12
1207 5
1217 2462
1228 3
1254 30
1323 92
1446 3
1447 2587
1455 4
1466 737
1481 1119
1528 3143
1593 872
1607 183
1660 2040
1677 19
1718 992
1720 1433
1729 8
1732 1125
1822 117
156 18
1240 3002
32 8531
40 3
60 1
75 990
114 81675
123 1892
133 192
145 507
169 297
176 20
206 12020
211 4304
215 17
239 91
240 7
246 1103
251 1
311 193
317 857
321 654
334 419
353 46
379 1746
383 73
389 188833
391 205635
435 4363
478 964
500 77
526 719
530 766
579 6868
585 5391
669 108
683 1953
709 1311
711 144532
719 812
721 143
731 559
735 73
749 802
760 49
766 84
778 244
875 220283
877 144
879 8
918 2212
964 16
975 197
978 3750
982 2394
989 34537
994 67
997 150
998 95
1000 26
1011 566
1022 6
1044 1
1068 776
1072 1504
1106 13
1162 259411
1176 2163
1185 1296
1200 592
1201 98
1240 74331
1252 66
1255 394638
1264 702
1292 2354
1297 502
1320 29
1322 150
1352 194
1353 1140
1372 10697
1405 3284
1426 1183
1433 131866
1437 56281
1456 147009
1457 84
1470 87297
1480 244002
1517 2329
1525 11
1613 2318
1628 418
1630 1058
1645 12
1691 1835
1773 42
1822 97
1831 44
88 15
115 12
152 3159
308 6
369 348
402 8
458 9
604 10
816 17
817 12
836 59
844 10
851 53
859 27
860 4
862 14
1030 6
1048 1
1102 111
1130 222
1146 10
1266 13
1290 18
1310 9
1387 1
1422 3
1608 188
1677 21
1733 2
1746 358
240 44
353 2
882 2
982 2
1204 2
1227 117
1252 2
1426 8
1780 2
1827 3
500 25385
70 33
70 32
70 51
29 71048
32 84246
36 2482
37 683
41 581
52 62
75 118070
85 54754
86 123292
88 90722
105 66828
108 20115
112 877
114 647855
117 67331
119 9190
121 82773
123 223161
126 30648
127 42854
134 37375
142 6437
144 78
145 261930
149 47
156 54
164 72
169 39680
176 5426
179 9232
184 12683
188 15764
189 140
203 25
204 36439
206 179853
211 54488
213 31481
215 783764
221 1441
226 97483
237 69082
239 230170
246 303254
250 1
251 26644
256 34478
258 38297
266 167689
290 19122
296 58493
300 151778
307 39
311 311960
317 538589
321 274722
322 58712
325 17871
334 93514
336 70298
344 34519
353 189358
356 233648
361 66125
371 5
373 5821
375 200
379 314
381 115954
382 32189
383 737143
387 1234
388 86883
389 768664
391 895192
393 1844
403 21356
432 201558
435 434737
436 125673
439 50836
444 2983
450 15134
462 13223
478 81496
496 45366
500 592111
506 60470
508 2
510 6790
512 106315
526 238144
534 39598
543 370697
545 44
548 73186
560 68106
576 2557
579 41876
585 13397
591 206
595 53
610 110292
613 186698
615 61209
618 65067
619 31238
625 19751
648 15000
665 90022
674 149388
683 154
685 116015
686 627
688 5
691 35084
697 3346
703 19054
709 292711
711 556087
715 151918
716 109992
718 141
719 179
731 272176
746 2472
750 76033
752 1
758 47686
760 110059
766 217581
808 4738
812 196
813 2538
828 2559
841 23267
872 34508
875 569363
877 1054755
899 58409
902 1216341
903 47244
909 3322
910 546109
916 1790
918 104297
926 52506
930 16
936 69
940 44958
963 78222
966 50802
970 29852
972 30416
978 327836
982 448785
986 5
988 132017
993 3909
994 170453
997 152839
998 27
1008 1245
1011 54566
1016 590771
1022 159545
1023 11428
1027 145
1029 115016
1031 20220
1043 48
1053 14096
1066 187521
1067 5732
1068 786720
1072 182536
1075 7144
1081 10553
1082 157393
1101 28717
1109 245
1139 298062
1157 2
1162 218
1171 34414
1176 135130
1185 238788
1189 867
1201 99694
1211 691
1225 17884
1231 69426
1240 273974
1243 117076
1251 86
1252 666165
1255 618287
1256 81442
1258 1235
1264 246010
1270 99
1277 6039
1280 564
1297 108
1304 43669
1316 23092
1320 86774
1321 146959
1322 67469
1324 112
1328 66131
1339 30870
1353 257722
1359 167304
1372 46843
1374 32961
1376 176894
1390 54331
1391 188386
1402 5360
1403 431519
1405 167069
1406 46337
1411 75743
1417 215
1426 151310
1433 658514
1437 907261
1438 71565
1450 12
1454 21864
1456 100804
1457 39685
1460 132
1462 147000
1470 244001
1480 104288
1485 276028
1488 37
1497 51508
1500 64
1504 175
1517 462737
1522 4449
1540 140
1543 2157
1548 8732
1549 158231
1596 65
1610 1
1611 29385
1613 248853
1617 9150
1626 26
1628 125577
1630 82960
1631 63389
1645 77247
1664 189
1671 141
1700 41
1719 71154
1752 89390
1773 41101
1783 15655
1799 96963
1803 20273
1807 4975
1820 186030
1822 130697
1823 63334
1826 7049
1828 16915
1831 76947
1836 1
1837 385243
1841 7563
1843 944
1847 67123
32 194
41 1118
60 5
75 1087
82 31
114 261422
123 1493
126 63
145 93
169 367
206 34300
211 78
215 458
234 75
239 1710
240 503
246 128241
256 95
258 38
300 32
311 14204
317 203644
321 299
356 29441
373 4
375 19
379 823
381 207
383 34159
389 716
391 87975
403 36
432 65
435 74328
478 9
496 22
500 61099
508 51
526 10006
534 17
560 130
609 455
612 64
613 44
618 45
619 8
683 1302
709 100378
711 31494
727 1
731 112
749 233
759 143
760 47783
766 33459
872 9
875 25071
877 3412
899 69
902 64420
918 181
972 25
978 896
982 65532
989 67783
994 323
997 3
1011 1623
1016 24526
1022 278
1027 42
1029 20
1047 6
1066 8
1068 21031
1072 2647
1101 3
1109 58
1161 4
1162 509
1176 127
1185 282
1189 180
1200 92710
1231 35
1240 237
1252 76573
1255 1473
1264 31
1277 214
1297 4
1320 1795
1328 232
1353 219
1359 493
1372 162
1376 38
1391 384
1403 1194
1405 800
1406 95
1411 53
1426 767
1433 62
1437 64
1456 107
1463 115
1470 1066
1480 690
1485 43
1504 2
1517 5008
1520 564
1549 113
1596 127
1613 33585
1628 55
1630 14
1631 10
1645 47
1664 398
1700 4
1752 16
1783 48
1836 3
1837 4
41 93
588 41
1011 99
1101 4006
1231 1130
1246 4630
1359 104
1435 5839
47 2169
392 8
820 19
832 56
1181 5
685 9
1191 4
1613 5
1837 4
505 10
1771 45
31 78
71 17
185 35
483 16
505 2
712 85
855 28
1165 44
1217 3598
1254 39
1349 403
1446 67
1447 18
1729 195
1742 35
500 41057
709 4980
1016 10373
500 57387
526 23
709 334
711 2034
1200 521
1252 19649
1353 157
978 131
1361 260
240 13
318 56
662 4
877 50
1240 5158
1405 3
1433 767
1437 16984
1485 1
1822 63
492 213
544 519
921 2
1824 6
8 6
31 1559
71 14
88 25174
152 55
185 3008
227 149
267 4
402 56
427 1020
505 1880
567 136
568 9
684 18
712 2746
814 25
855 2721
949 172
1144 17
1165 976
1186 2648
1207 3622
1254 3846
1265 82
1349 1665
1351 4
1416 174
1446 1502
1447 37
1466 13
1481 4
1607 3
1660 11
1720 6
1729 4183
1732 1
1742 3335
1822 7
114 165
206 452
1025 12
1435 15544
685 5
1573 2
38 18
41 6
198 1
215 4
540 6
619 5
685 13
692 3
702 1
709 1
894 1
927 4
1037 2
1090 12
1134 1
1251 2
1573 2
1687 2
1837 2
877 4069
88 18
314 5
389 27
449 5
494 6
1372 75
1403 225
994 1427
1066 1
1200 18049
1356 282
516 109
612 369
658 169
900 105
114 444
500 58
526 93651
766 82720
902 309
982 972
1016 221610
1201 159
1279 416
1359 73
1435 323
1462 7260
88 6
227 3
236 26
483 6
505 96
564 24
689 36
806 4
844 16
977 5
1186 2
1536 65
1622 4
1684 16
1721 15
711 15342
75 3
215 10895
526 27074
710 54
982 144
1101 10300
1246 887
1258 14835
1435 23727
29 92
41 22104
60 20
75 1170
105 5
107 10769
114 545720
123 51
134 381
145 34533
169 864
204 649
206 4366
215 161093
239 1149
240 19
246 120451
296 24
311 23561
317 203175
321 803
356 5582
379 145
381 96
383 96341
389 334
391 99167
435 89095
500 320493
526 4
539 332
609 1851
613 28
683 1159
685 143233
709 14
710 893
711 99558
731 584
749 106216
760 51
766 232264
791 5
875 2763
877 410
882 6
902 201481
918 2
947 72
978 450
982 146
988 39
989 4009
994 7437
1007 14980
1011 1375
1022 217
1068 3020
1072 1184
1101 5
1109 578
1162 6
1176 141
1200 67905
1201 2
1202 872
1246 248
1252 185815
1255 26
1264 1892
1304 23
1320 3328
1353 1437
1356 616
1359 21
1372 21
1403 177
1405 118
1426 102
1437 135
1456 114
1470 244
1517 2865
1549 19
1566 5
1573 8
1596 2471
1613 101702
1630 10
1664 324
1820 43
1822 4
1837 19481
775 24
1455 4
402 14
726 2
70 16
70 4
88 48
720 2
726 64
796 3
826 19
838 3
1132 7
1305 16
709 13
1270 5
1725 1
1837 19
215 29846
1240 4897
29 7
32 29193
75 321
86 54154
88 82434
110 1142
114 170970
117 33
123 11880
145 971
156 8514
169 364
176 46
196 3004
206 935
211 136209
215 48754
239 624
240 70073
246 3823
251 117
310 2
311 103
314 6
317 22256
321 477
343 27
345 2
356 1040
379 11087
381 207
383 637
389 493093
391 206010
432 667
435 34267
452 16
478 1016
485 995
494 74960
500 87650
505 107
507 19667
526 818
543 201
579 83
585 151750
613 4
674 128262
683 2723
686 29
691 48
709 56905
711 198112
715 2414
719 2463
731 413
749 3
757 6
758 48
760 284
766 95417
791 200
802 2
828 6193
875 275260
877 299774
879 17
902 501
903 98386
910 1415
918 27
925 8381
964 16
978 34531
982 6025
988 77
989 64659
994 362
997 484
1000 68789
1011 953
1016 217
1022 544
1035 319
1067 220
1068 204971
1072 2689
1092 100
1106 276
1139 57072
1162 229427
1171 128517
1176 263
1185 1836
1188 2786
1189 71034
1200 282299
1201 437
1214 4269
1231 17
1239 4848
1252 25441
1255 404672
1264 1119
1304 27620
1320 5
1322 2862
1339 141
1352 67476
1353 1096
1359 43
1372 61960
1390 5
1403 145204
1405 1986
1408 4006
1426 32
1433 463167
1437 295293
1456 193442
1457 14612
1470 286503
1480 251050
1484 2
1485 134368
1500 1
1517 3288
1521 12120
1542 6
1613 1316
1614 1
1628 975
1630 2527
1645 54
1764 7
1822 78750
1823 73
1831 11120
1835 236
1837 12000
1843 721
1844 75
479 3
673 2
775 643
1455 1
1588 3
526 612
709 331
766 12163
877 2
1016 12278
88 6
114 1621
215 3570
500 81958
628 336
674 781
709 49670
711 5110
766 104249
877 89700
982 53
1200 122503
1252 1055
1264 210
1433 53423
1437 182311
29 9
114 44077
123 43
234 2
256 1
311 9
560 3
691 45
899 7
918 8
988 14
994 14098
1426 27
1438 5
1645 38
1820 1
141 17
193 25
389 1753
530 77
577 231
868 210
875 8
1088 72
1255 3912
1437 2
1495 4
1630 4
1675 1129
1688 1
29 877
134 975
215 105
321 41
613 1485
618 1392
619 13605
710 5697
899 1514
1027 2146
1101 27
1202 4725
1230 944
1231 255
1356 2023
1435 1346
1497 2201
1611 1482
1645 14670
679 2195
800 397
1494 146
246 4
1245 80
1688 11
41 418
246 131
317 60745
379 118
618 31
693 25
994 149
1068 53
1257 25
1264 1
1353 4
1517 117
1628 48
114 274404
137 117
164 123
204 10
215 44335
258 13
296 24
317 73455
375 117
389 13702
391 480
609 3
612 86
619 41
653 35
691 19
711 148
716 64
872 105
902 47093
982 23506
994 370
1027 86
1176 37
1185 20
1252 40343
1277 44
1302 130
1320 86
1359 4
1405 302
1406 141
1596 98
1628 9
1700 44
1810 2
29 43951
32 1927
36 319
41 98
60 542
75 81238
82 85
86 42189
88 14292
112 23462
114 761355
119 30259
123 13881
126 23
127 66069
134 31
137 36
142 36085
144 32506
145 140102
149 195
162 6568
163 44636
164 54972
167 1
169 11670
189 46
206 124842
211 248
215 448013
226 35696
237 90486
239 106296
240 896
246 120961
256 25778
258 21155
262 268
266 107134
293 20372
296 53127
307 68
311 144779
317 389816
321 106583
334 95
353 143286
356 113754
375 166
379 11385
381 46850
383 140498
389 352317
391 430909
432 182
435 325101
436 49432
452 490
476 53987
478 502
489 33623
496 125
500 92866
506 147
508 2
512 80418
526 320914
534 37
536 72
543 174011
545 126
560 69
576 7133
579 48
585 571
591 196
594 1384
597 20897
610 210
613 258
618 69119
619 24854
625 129
655 16
674 1
683 54162
685 35204
686 1
700 35836
709 55666
711 297059
716 462
719 90
727 54306
731 119391
739 21834
749 46449
752 42626
759 301
760 135315
766 19691
812 1589
872 167
875 313980
877 324221
879 20
901 171
902 193890
910 178135
916 353
917 22875
918 13
947 78
950 161
955 1
959 6
963 77576
964 278
966 81627
970 84928
972 6745
978 58776
982 714382
988 62720
989 211963
994 50013
997 138
998 31
1001 4
1011 228823
1016 241475
1022 88667
1061 3
1066 1050
1067 44
1068 273317
1072 66289
1082 67886
1101 11135
1109 45498
1161 3
1162 8551
1171 360
1176 352
1185 339
1189 1380
1200 678541
1201 96660
1211 19190
1231 181869
1240 24250
1243 739
1251 41797
1255 345542
1258 53
1264 322456
1267 35
1270 5259
1277 384
1304 342
1308 110
1316 51644
1320 251377
1322 36
1328 98840
1353 316616
1359 78283
1372 638
1374 19517
1376 70600
1391 144691
1403 126465
1405 6902
1406 23667
1411 54
1414 36306
1417 62885
1426 35442
1430 16431
1433 111712
1437 284699
1456 2016
1460 3545
1462 237554
1470 87628
1480 23986
1485 4848
1488 353
1504 3
1508 329
1517 145145
1522 28964
1524 1
1540 43480
1541 40
1543 21360
1549 92048
1596 68
1602 67725
1611 145
1613 338573
1617 126
1628 120
1630 964
1631 85
1645 18136
1664 398
1671 1887
1679 24612
1699 124
1782 46
1783 20062
1799 37159
1820 85256
1822 1061
1823 52
1828 47
1831 48
1837 132259
1843 5
1847 36101
31 3
65 60
88 24
113 1
185 37
227 263
231 24
427 1
505 33
855 240
949 9
1165 1
1186 42
1207 47
1217 3590
1265 144
1349 2
1446 14
1677 19
1718 19
1742 134
29 3
32 362566
36 5202
75 1084
82 2059
86 948
88 40131
99 2
114 564383
123 211106
145 1549
156 161
158 52389
164 5
169 37138
206 87483
211 76909
215 153998
239 40950
240 325970
246 212591
251 47
258 636
290 78
300 317
310 5
311 89069
317 385675
321 122177
334 568
335 731
343 3
345 1
353 65322
356 47017
379 79412
383 140081
389 900469
391 564937
403 4
428 20170
432 42736
435 405012
444 1
478 225554
494 314
500 304848
507 91157
510 49
525 53033
526 93475
530 846
543 4847
545 50
548 68
574 4
577 3
579 86239
585 80796
592 13
595 27846
610 294
633 3581
665 78
671 18318
674 183220
683 128114
685 2
686 328
709 50075
711 422073
731 149871
735 86
749 3976
758 129
759 526
760 7101
766 252980
778 493
828 49887
875 763120
877 657136
879 4477
902 7021
903 81198
910 72226
911 51078
918 40168
926 58
964 227
970 9863
978 212424
982 156547
989 254081
994 127627
997 84192
998 847
1011 37233
1016 45013
1022 188413
1029 132
1061 31971
1066 457
1068 547020
1072 39767
1106 49275
1139 529
1162 349438
1171 89150
1176 71423
1185 164720
1189 394504
1200 615645
1201 1629
1214 7
1231 30
1240 406330
1245 4124
1252 373239
1258 53
1264 146084
1304 75035
1308 2
1313 188
1318 130
1320 41077
1322 122213
1327 4
1353 49828
1359 40
1372 214641
1391 1108
1403 627906
1405 196469
1408 70807
1413 57346
1426 39844
1433 568899
1437 470960
1456 355758
1457 154477
1460 15041
1470 573487
1480 381003
1485 478790
1495 2867
1517 231027
1520 3
1541 96
1573 3
1576 3888
1613 124499
1628 68094
1630 198774
1650 2
1698 3
1752 48
1773 56613
1785 325
1807 126
1820 1078
1821 54691
1822 93937
1823 10077
1826 314
1831 131469
1837 52109
1843 10012
1844 1487
133 21151
256 2
300 66
311 35
389 14456
391 29699
435 21609
476 15
685 1
709 14
716 28
719 811
731 47
760 35
875 34777
926 2
964 11
989 2
994 2
1022 37
1029 16
1047 8
1068 20160
1091 24
1185 49
1200 83346
1255 98
1258 22294
1353 47
1376 7
1500 35
1540 3
1617 9
1628 41
1664 323
1795 99
1823 4
1828 3
1837 51
256 145
536 133
711 153
748 137
899 11
982 139
994 12731
1628 138
29 19796
41 957
75 134
114 197
156 55
164 14224
201 130
215 104
246 391
290 16583
300 12417
311 82
321 42
344 148
356 128
389 47
391 145
432 14315
500 47
526 98
560 20713
609 18568
613 24329
618 11312
619 27247
683 50
693 18258
716 127
899 16519
902 283
978 53
982 257
989 95
1022 2778
1066 128
1068 125
1072 135
1162 60
1200 1238
1230 14235
1256 22019
1353 57
1356 15476
1374 11299
1411 20527
1426 267
1435 396
1437 47
1438 18101
1517 54
1611 14023
1617 13940
1645 26497
1664 931
1783 1852
1795 1561
1837 205
114 125
525 98
588 56
1470 20230
1480 101
20 1
70 662
464 20
726 2
793 9
794 4
796 19
819 4
826 2
838 5
1307 91
1652 10
64 27
118 36
268 1
389 4170
680 23
979 5
1068 10414
29 135
32 400
41 3221
75 164
82 10
86 167
114 439907
117 35
123 733
127 50
137 30
144 126
145 27040
149 45
169 352
189 18
206 1226
211 63
215 145023
234 120
237 107
239 315
240 906
246 90825
251 15
266 24517
296 405
300 24
311 29884
317 306063
321 126
334 96
353 12253
356 44389
379 473
383 86775
389 91242
391 129564
403 68
432 355
435 112634
439 170
452 2
478 27
489 130
496 39
500 95214
506 126
508 71
526 74586
534 17
543 895
545 249
548 25
560 11
576 15
585 113
588 3
595 9
609 64
610 65
613 77
618 22
619 134
623 86
683 3164
685 44
709 84536
710 99
711 126997
716 15
719 155
727 253
731 644
739 6
749 34
758 12
759 178
760 936
766 138586
872 11
875 98215
876 529
877 35864
880 1125
899 172
902 123009
903 40
916 16
917 286
918 11
940 16
947 27
964 9
972 40
978 2219
982 214424
988 206
989 182846
994 43873
997 12
1011 568
1016 18305
1021 1
1022 71835
1027 116
1043 191
1068 86237
1072 2261
1101 7471
1109 1262
1162 898
1176 1172
1185 417
1189 674
1200 246936
1201 357
1227 49
1230 74
1231 5468
1240 838
1243 95
1244 1
1252 321573
1255 146193
1270 10
1277 521
1316 9261
1320 1064
1328 64
1353 34086
1359 1
1372 715
1390 68
1391 52947
1403 2492
1405 780
1406 71
1411 287
1426 420
1433 920
1435 167
1437 35975
1456 1099
1462 979
1470 1650
1480 1609
1484 84
1485 1121
1504 656
1517 30661
1522 21
1549 253
1613 100146
1626 29
1628 136
1630 398
1631 63
1645 63
1664 248
1671 24
1700 42
1752 98
1782 119
1785 66
1789 2
1799 418
1820 445
1822 49
1823 55
1828 1
1831 42
1836 1
1837 19971
65 73
71 29
88 38
113 12
227 1387
231 25
505 23
855 1
1144 20
1217 44
1254 68
67 9
88 9
115 27
152 1361
308 2
369 2
458 5
604 14
816 10
817 82
836 16
851 90
859 10
860 44
862 121
1030 4
1102 2
1130 3
1146 4
1190 9
1310 11
1601 1
1608 1
1733 22
1743 9
239 122
311 1659
709 3415
1252 180
1320 31
88 53
239 1
322 3
383 45
435 22989
685 6
918 6
1022 1
1029 2
1264 5
114 23286
181 1
215 5003
317 46061
383 955
391 3563
731 2
766 41764
1016 88630
1237 5
1252 5133
1277 5
1573 3
70 340
264 97
854 4
1129 5
766 4362
251 24
628 9898
674 3039
29 7
52 2
60 4
114 384528
145 154
215 6
239 378
246 253
258 77
296 81
311 59
317 72424
321 226
381 163
383 630
391 75168
435 381
500 538
502 9
508 46
709 24061
711 69418
716 101
719 126
727 10
731 406
759 48
766 6
899 3
918 2
978 35
982 10044
988 96
994 44765
1004 63
1016 21654
1022 752
1029 12
1066 90
1176 24
1185 25
1200 5927
1201 1631
1251 5
1252 1290
1264 183
1320 26
1353 27
1359 139
1426 52
1517 1040
1549 4
1596 11
1613 12253
1644 47
1645 2
1664 174
1700 32
52 628
296 35
612 107
900 55
1227 244
1302 182
1359 54
114 10735
356 143
500 45991
711 101
766 59518
1016 46940
1200 727
1462 4340
41 20
52 20
114 1531
500 17007
526 45986
711 37817
766 161614
982 255
1016 159345
1462 7326
240 6
88 378
505 261
518 23106
674 22100
766 56
1016 29
674 7824
877 118576
283 4
846 4
1724 76
215 14944
1328 12
1473 1
67 23
94 1
122 7
152 2453
482 24
567 4
684 83
830 42
836 18
844 444
862 4
1030 74
1048 145
1146 1
1387 114
1422 62
1476 1
1481 10
1544 13
1677 39
1733 2
389 1824
530 247
877 3406
1189 2351
114 13075
164 2
526 462
766 55607
875 104
1011 1
1613 249
766 23676
877 8
32 212
80 61
108 1
123 3
133 14653
196 139
211 179
240 11
251 8
311 6
334 18
356 38
389 47429
391 83
432 4
485 715
507 141
548 1
585 40
711 106
718 226
719 1062
875 24877
877 8386
978 11
1029 12
1068 15885
1185 22
1189 393
1255 128
1372 149
1405 37
1433 93421
1437 24870
1470 79102
1517 75
1645 261
766 44258
982 47662
1316 481
1430 146
1462 4956
685 1
1474 2
88 2496
283 5
620 2
775 10062
847 1641
1076 10
1433 3218
1724 5
1736 345
173 171
246 253
375 107
403 28
420 98
612 209
681 85
725 114
801 970
1127 184
1251 131
1361 103
1488 195
1533 331
1568 93
1737 105
1785 36
766 143
1016 129
32 5
114 205
123 503
145 1
156 91
176 60
179 1
196 24536
206 168
240 5
271 4
317 230
334 38
389 60817
391 108320
435 2
478 115
510 1
548 4
585 94
669 1
691 85
711 113
716 102
719 126
875 14033
877 51491
994 211
997 10
1000 2
1012 135
1029 2
1067 1
1068 16943
1162 108
1176 58
1185 19
1200 42366
1240 30065
1255 78801
1353 259
1372 1
1391 24
1405 31
1420 3
1433 92108
1437 96000
1456 5
1470 33851
1480 10564
1482 3
1613 126
1630 30
1773 16759
1822 23311
1823 56
1831 39855
1834 1
88 9
726 93
1132 30
1236 7
846 6
1455 140
70 693
88 4
402 5
464 5
720 4
726 6
793 13
794 39
796 78
819 9
826 8
838 38
1132 2
1262 84
1271 2
1652 6
114 30
149 190
181 8
215 27
311 44
317 38
322 23
500 31
528 5
685 44
709 138
731 189
982 39
989 35
994 35
1022 363
1068 57
1176 39
1252 71
1255 1
1405 73
1417 29
1837 106
1016 8158
1462 14023
152 908
402 16
458 38
604 120
684 2
816 11
818 4
836 1
859 1
860 212
1190 4
1266 3
1608 1
1677 16
1733 15
1743 2
114 45955
215 245
246 149
391 8368
500 60655
526 17267
709 33895
711 95968
766 43801
877 61986
982 97824
1016 247600
1462 50779
79 7
133 134
240 2
389 5914
485 580
719 1063
875 3157
1433 25
114 51817
215 15835
218 797
239 78
246 8769
311 9706
317 68954
345 5
356 8447
391 590
435 8618
500 79399
526 12802
563 2
709 1820
731 129
766 94411
982 264
1016 121510
1022 3382
1068 4090
1200 22677
1252 52590
1264 9278
1277 3
1298 493
1320 172
1435 170
1462 51672
1517 10512
628 1905
674 75
1068 891
1499 15019
211 2868
240 130
494 148
877 28
956 162
1008 38
1433 31694
1456 156
1822 8
215 11398
685 8
32 1000
38 2952
41 1448
114 101273
123 522
134 17
169 288
206 26827
211 28
239 738
240 648
246 299652
258 17
293 37
296 42
307 35
311 46499
317 190893
321 413
353 970
356 1536
373 1
375 128
379 934
383 75661
389 1849
391 212
435 95787
452 101
478 69
500 52566
526 74591
534 18
560 17
576 8
585 23
610 141
613 1
619 13
669 11
683 5152
685 41
686 59
692 1
709 76492
711 191
727 17
731 246
759 166
760 3088
766 157
875 42389
877 1464
902 13575
918 5
970 14
978 234
982 185507
988 125
989 98141
994 49
1016 349
1022 60
1029 5
1043 30
1066 103
1068 26466
1072 1733
1090 2707
1101 9
1109 85
1162 371
1176 51
1185 611
1189 3
1200 87463
1201 985
1231 2861
1240 110
1251 84
1252 245873
1255 40433
1256 15
1264 2464
1267 76
1270 8
1280 22
1316 215
1353 7660
1359 211
1372 30
1376 4
1391 10833
1403 3181
1405 2224
1406 49
1411 8
1426 643
1430 6
1433 262
1437 942
1456 223
1462 33
1463 120
1470 308
1480 1226
1485 567
1517 1907
1522 22
1540 53
1543 99
1549 111
1573 1
1596 12
1613 96670
1628 30
1630 705
1631 59
1645 138
1664 65
1773 2
1822 237
1837 4188
88 2
215 521
311 2634
435 77067
500 83953
628 303
674 799
766 78165
877 106407
902 1832
1068 4356
1200 154175
1264 2
1437 108082
32 319
114 20770
215 15
246 163
317 9378
389 49933
391 93949
435 9992
500 14061
507 9
585 7
709 12
711 89860
731 22
766 1763
875 2010
877 90349
902 71
903 17
978 3202
1022 3587
1068 25490
1072 16
1162 162
1176 31
1200 63820
1240 1529
1255 124886
1403 3549
1405 109
1433 33549
1437 81391
1470 10427
1480 81
1517 2700
88 1
1186 40
32 120
240 6
389 141
532 110
874 124
1022 23
1176 81
1372 115
1403 118
1405 68
1433 162
1698 1
726 11
826 1
685 2
545 5
1525 4
29 165
41 973
49 31
114 82784
145 105
169 18
206 145
239 1
240 1
246 88137
296 63
300 12
311 8779
317 46605
321 118
353 92
361 1
379 46
381 1
383 58446
391 3
403 6
432 87
435 53579
500 76907
526 137
534 9
537 5
613 63
618 4
685 5
691 4
700 29
709 50841
716 7
727 5
731 62
759 5
760 161
766 104346
801 51
872 18
877 19
902 77206
978 31
982 24116
989 10
994 49
1011 206
1068 1
1072 22
1101 19
1200 70299
1231 264
1252 100690
1264 235
1269 4
1277 18
1316 4
1353 88
1359 28
1376 9
1391 41
1411 96
1426 18
1460 5
1463 10
1517 15
1549 2
1610 6
1613 409
1645 1
1799 1
1820 1
1837 4640
544 3
585 7
802 6
921 132
935 2
1182 24
1388 2
1585 1
685 5
711 19569
1433 40
685 4
215 15334
117 11
133 17253
169 14
179 135
206 30
215 135
311 83
353 41
383 125
389 109977
391 10629
403 4
432 10
485 282
500 110
526 29
548 240
574 303
585 41
588 3
669 12
709 168
711 4
719 283
875 16062
926 6
982 144
994 9
1000 100
1068 72461
1200 29402
1252 101
1256 5
1390 4
1405 40
1408 10
1437 27
1470 25462
1480 3
1517 1
1568 79
1613 61
1630 122
1645 12
1752 7
1822 1
1837 8
877 11194
1022 13
240 2
70 1903
720 7
803 9
922 392
51 6
88 2
505 1519
567 144
689 3
787 31
865 18
977 11
1145 33
1557 36
1660 5
1665 1
156 19
802 415
921 2275
1329 1
1585 4
1824 6
1834 4
766 10
1016 37
31 70
88 7094
185 111
425 1
427 26
712 144
855 203
1165 42
1207 309
1217 1584
1254 2
1446 78
1729 230
1742 285
40 1690
123 1
240 10
485 439
719 83
877 16444
1000 48
1044 48
1189 2
1433 6245
1437 29390
1485 3
982 1644
1795 27
32 2
123 2
133 14075
156 1
158 1
240 38
389 14542
485 358
494 631
509 101
875 13390
877 11723
1000 1
1176 12
1189 112
1240 63018
1297 79
1372 139
1408 13
1413 8
1433 50245
1437 29303
1438 2
1456 2
1470 28558
1480 27
29 66
32 969
41 3787
75 1282
82 3
88 17
89 99
114 607363
117 71
123 6046
145 12731
149 465
164 17
169 1578
206 117554
211 92
215 165793
234 78
237 59
239 1704
240 233
246 205069
250 120
258 3
293 63
296 152
300 70
311 46878
317 331010
321 5048
322 37
343 14
345 67
353 2549
354 33
356 41883
379 2610
381 74
383 125283
389 43904
391 212353
432 55
435 125781
439 230
476 50
478 121
489 23
496 33
500 121216
506 11
526 60591
543 366
560 100
579 10
585 23
591 190
597 4
609 296
610 7
613 219
618 245
619 126
623 39
669 1
683 8461
685 786
691 201
709 123134
711 126470
716 81
727 763
731 21589
748 2081
749 3874
759 183
760 1196
766 178776
872 78
875 45431
877 15568
879 2
899 215
901 3
902 247171
910 53568
918 385
970 883
978 3744
982 118974
984 1
988 145
989 119216
992 99
994 46133
997 123
1004 19
1011 2439
1016 127839
1022 28859
1027 35
1029 95
1066 41
1068 90114
1072 2796
1109 199
1162 922
1176 777
1185 917
1189 365
1200 253138
1201 122
1211 142
1231 120
1240 1044
1252 314795
1255 44279
1256 48
1258 62
1264 31316
1277 110
1312 63
1320 8606
1328 105
1339 38
1359 88
1372 583
1374 73
1376 70
1391 1965
1402 63
1403 4718
1405 2550
1406 71
1411 195
1426 38
1433 5395
1437 3454
1456 1613
1460 19
1462 336
1470 672
1480 951
1485 509
1517 44813
1541 42
1543 62
1549 216
1573 97
1596 482
1613 88802
1628 154
1630 263
1645 62
1664 775
1752 36
1773 62
1785 29
1799 119
1820 219
1822 236
1831 22
1837 29361
88 39
91 77
297 2
308 3
977 6
1217 1
1476 8
1016 27079
1462 95
133 19281
211 297
239 128
258 121
353 3385
719 1620
875 16074
1072 198
1225 282
1231 764
1246 2385
1258 15588
1372 258
1435 20060
1664 276
1804 18
552 3
450 28
755 90
1022 1357
1068 23524
29 112
114 415953
117 65
123 488
126 15
134 15
154 30
162 25
169 144
206 1420
215 77050
237 107
246 49
250 2
258 28
296 194
300 12
311 29573
317 205074
334 267
356 30426
373 2
375 88
381 73
383 367
389 790
391 113155
396 78
403 2
435 61007
500 57563
526 27446
545 47
560 73
576 5
579 5
609 14
613 19
618 7
690 36
709 55756
711 40539
727 1
731 3
735 44
759 2
760 179
766 73658
778 367
872 1
877 136
899 1
902 91175
972 15
978 322
981 48
982 62519
988 38
989 59
994 750
998 25
1016 17629
1029 105
1053 22
1068 11034
1072 806
1101 133
1109 49
1122 45
1176 117
1185 244
1200 166796
1201 2181
1231 135
1252 85528
1255 1128
1256 11
1264 2
1270 28
1277 124
1316 64
1320 202
1328 30
1353 166
1391 248
1403 549
1405 790
1406 76
1411 97
1426 26
1470 217
1504 175
1517 5482
1549 23
1596 18
1613 386
1628 40
1631 8
1645 17
1664 262
1671 8
1752 55
1773 4
1820 29
1837 6992
474 12
685 4
52 61
656 246
1054 126
1127 281
1176 251
1212 260
1359 33
176 1
389 14302
701 20
874 2
957 2
1738 2
766 3107
215 7330
685 4
894 3
1220 2
1573 5
1858 4
82 21
337 15
389 13192
485 433
574 540
876 475
1470 6270
41 971
1264 17
1549 22
1664 47
71 3
505 203
788 3
865 1
1040 1
1145 2
1536 4
1557 7
32 1549
75 203
82 136
114 1600
123 2227
133 477
143 2
145 65
169 400
196 380
206 1423
211 34772
215 4078
239 1017
240 8918
246 11194
311 516
321 560
334 109
343 117
353 467
361 130
379 869
383 394
389 169168
391 121620
428 1
432 169
435 1074
478 1804
506 117
509 161
510 101
526 751
548 280
560 240
575 219
579 59
585 11860
610 128
611 118
612 99
613 1
622 91
674 371
683 3435
691 13
709 97
711 718
716 369
731 1090
749 212
758 19
759 43
760 68
766 481
875 339482
877 198231
879 272
883 96
902 227
903 110
907 144
918 363
956 130
978 1690
982 750
989 40537
994 329
1011 231
1016 183
1022 1
1033 211
1035 539
1061 428
1067 20
1068 1345
1072 713
1162 68932
1176 675
1185 1537
1189 10961
1200 44018
1201 487
1240 61337
1252 508
1255 220992
1264 252
1320 24
1339 18
1353 345
1356 382
1403 59836
1405 1677
1408 2
1426 776
1433 105801
1437 83188
1456 52902
1457 17
1460 16
1461 128
1470 152831
1480 4
1485 11304
1500 124
1517 401
1613 886
1617 124
1628 226
1630 1083
1688 164
1822 2
1837 2
1148 9
41 983
75 20
89 28
114 66028
117 23
126 21
145 33
149 155
204 4
246 191
311 50
317 86214
344 151
435 28380
452 3
500 34
508 25
526 366
534 16
605 2
609 121
613 49
709 27022
731 27
748 123
749 99
759 31
870 45
872 150
901 12
902 13483
982 145
989 32
1004 2
1011 38
1029 7
1043 6
1101 226
1200 35477
1201 14
1244 1
1252 25238
1258 11350
1353 32
1406 8
1411 16
1417 31
1435 15795
1517 40
1596 24
1628 40
1664 349
1799 28
114 1508
41 1200
75 81
114 219187
134 6
145 3510
149 63
169 9
206 166
215 30386
239 580
246 75769
290 2
311 33605
317 43968
321 54
356 15948
381 1
383 35498
391 434
432 15
435 68160
496 4
500 72519
506 8
526 506
610 3
613 1
618 51
619 113
683 153
685 16
709 62005
727 22
731 114
760 573
766 181224
899 35
902 48560
918 6
978 20
982 70582
988 112
989 32
994 128
1016 655
1029 12
1066 50
1068 10519
1072 4
1101 74
1109 43
1185 3
1200 178246
1201 32
1231 157
1252 64147
1264 76
1277 447
1297 25
1316 11
1320 125
1353 247
1368 97
1374 4
1391 535
1405 73
1411 7
1426 5
1437 2626
1504 15
1549 111
1596 1
1613 35234
1628 14
1631 5
1752 19
1820 7
1837 2502
685 3
1837 6
628 8251
1139 1848
1427 67
1499 11798
628 29008
32 33
391 33990
877 4751
1682 68
977 37
1057 7
1121 7
1145 1
1476 8
685 3
256 98
67 10
88 23
91 416
122 17
152 1482
482 30
647 4
684 33
817 17
818 246
830 49
844 118
851 1
862 4
1030 233
1048 148
1290 121
1422 6
1451 3
1544 11
1601 6
1677 24
366 2
802 74
921 684
1824 2
75 4
163 23
179 7
204 6
206 3
237 4
240 4
311 2
321 8
383 545
435 14810
485 288
506 1
534 10
588 18
685 91
719 1089
731 5
872 5
875 1786
944 4
1047 26
1068 46261
1112 6
1176 7
1200 54758
1264 24
1339 2
1374 1
1411 4
1421 5
1474 5
1645 3
1752 1
1837 3
32 211
41 66598
75 156
114 516008
145 12483
169 75
206 4826
215 176815
239 17538
240 16
246 129322
258 18361
311 91448
317 219998
321 58254
356 69366
381 681
383 71730
389 21424
391 101889
432 120
435 270965
439 45217
452 8
496 146
500 190680
502 9837
534 18937
543 177
585 64
609 2019
610 105
613 4707
685 61648
698 4
709 3272
711 102933
731 97058
749 11682
766 175446
872 362
875 1940
877 732
902 41218
918 5
978 7849
982 116343
989 160037
994 9390
997 4
1011 3070
1016 44110
1022 71964
1068 161925
1082 865
1109 60
1162 430
1185 199
1189 4
1200 189334
1201 357
1240 118
1252 147281
1255 475
1264 58086
1320 8310
1328 724
1353 1574
1359 219
1372 4
1376 485
1403 127
1405 218
1411 55
1426 684
1433 445
1437 409
1456 2
1470 9
1480 18
1485 453
1517 52544
1549 304
1611 9
1628 19
1630 71
1664 542
1820 2310
1828 4
1837 56078
1847 29
114 7781
500 588
711 20994
1016 60
215 39
311 8
709 12592
766 8572
215 5453
545 2
685 3
500 2956
766 2472
240 5
123 3
240 3
875 2
1350 5
123 36
240 63
391 33001
683 4
877 10588
1408 1
1630 6
52 97
114 42118
133 514
391 26116
500 7416
685 66
686 275
709 96047
711 103448
766 85153
877 165662
982 11070
1016 81243
1200 5257
1405 617
1437 55060
30 3
32 66263
75 19
82 320
86 295
108 1
112 143
114 358552
123 68414
133 1224
145 4349
156 182
158 1
169 2333
173 76
196 18233
206 45932
211 4457
215 71584
239 1440
240 12
246 85848
266 5
300 141
311 4086
317 96568
321 1579
334 74
335 123
356 37479
379 36166
381 383
383 8970
389 570752
391 394351
435 112177
478 24517
500 162599
505 20
510 55
512 114
526 2822
543 3820
545 1
548 41
579 1
585 1836
595 12
674 96406
683 66989
686 48
691 126
709 176185
711 322877
716 167
719 771
731 7303
749 278
758 7
759 156
760 775
766 224045
874 121
875 375333
877 407629
879 179
902 833
903 185
907 127
910 1286
918 263
926 959
939 119
963 567
964 131
978 63265
982 8655
988 169
989 150544
994 13809
997 3773
1011 1786
1016 474
1022 46324
1061 7723
1068 188113
1072 5106
1081 32
1139 720
1162 380268
1171 27529
1176 575
1185 2649
1189 46
1200 402021
1201 425
1240 145965
1245 2
1252 135313
1255 618849
1258 55
1264 2233
1313 117
1320 3133
1322 4247
1324 118
1353 3678
1372 59974
1391 176
1405 59562
1406 5
1426 1967
1433 343217
1437 737815
1456 321358
1457 37227
1470 209637
1480 357744
1517 31550
1613 6840
1614 21
1628 3143
1630 92914
1664 84
1752 248
1773 142
1822 27987
1831 27866
1835 8
1837 19250
52 57
114 28764
133 369
215 381
500 6423
526 19803
711 41829
766 9831
936 56
1016 115670
1072 2105
1252 58
1405 415
32 18519
41 117
52 308
60 5
75 1366
82 1522
114 450295
123 112
133 96
145 746
158 7
169 1714
206 60498
211 189
215 4284
234 58
239 239
240 3211
246 107469
251 21
290 4
293 64
311 732
317 81542
321 1459
334 341
343 66
345 441
356 7381
357 31
373 89
379 326963
381 1101
383 4658
389 234326
391 580089
432 2
435 73659
452 43
478 72508
485 2341
500 60820
506 102
507 122
526 1982
576 68
585 1021
609 900
613 71
619 59
622 16
625 504
626 3
683 142536
686 38209
709 41557
711 359465
716 636
719 2283
727 154
731 1816
749 401
759 2887
760 2303
766 8247
812 19
872 636
875 143381
877 108486
879 18
899 3
902 8427
903 62
918 5464
938 4
964 1137
970 7
978 6632
982 71407
988 324
989 67704
994 54810
997 54017
998 4
1001 61
1011 357
1016 186
1022 2189
1029 192
1047 270
1068 64010
1072 10924
1081 5674
1139 1006
1162 5066
1176 8192
1185 1562
1189 2858
1200 157591
1201 804
1231 50
1240 3196
1252 8660
1255 195576
1264 1824
1270 23
1297 24
1304 136
1320 821
1322 140
1339 121
1350 1
1353 1833
1359 142
1372 3068
1391 89
1402 565
1403 56131
1404 703
1406 35
1408 257
1426 114
1433 4161
1437 20494
1456 5371
1470 54807
1480 6491
1485 3831
1517 12478
1541 129
1568 67
1579 370
1613 36316
1628 5657
1630 1915
1645 46
1664 949
1837 171
29 19
41 447
60 89
114 313406
123 220
126 19
127 51
145 39
206 125
215 145
234 56
239 74
240 2
246 803
258 33
296 146
311 627
317 159820
321 94
356 4550
381 167
383 5786
391 39328
435 26192
496 42
500 33556
508 7
526 1225
534 4
539 1
560 57
609 960
612 13
618 2
631 32
709 50521
711 34585
716 41
725 132
727 11
759 49
760 1
766 43
872 8
902 34810
918 72
972 20
978 480
988 28
989 74
994 560
1016 9485
1022 788
1068 265
1072 365
1176 6
1185 46
1200 46452
1201 41
1251 147
1252 28462
1256 48
1264 417
1277 11
1316 7
1319 2
1328 48
1353 120
1359 101
1405 9
1426 495
1517 353
1567 28
1631 45
1644 57
1664 62
1682 80
1783 18
1820 44
1828 2
1837 39
32 295
110 2
123 62
158 164
240 3
251 1
334 56
379 5
389 72678
428 13
432 2
478 160
510 56
585 42
595 15
685 1
719 194
828 8
875 7
877 123177
893 2
1022 78
1067 63
1109 11
1240 4061
1255 69018
1313 93
1352 33
1401 2
1405 136
1426 75
1433 21359
1437 51155
1456 5887
1470 19188
1480 13700
1519 13
1524 7
1630 453
1646 1
1654 1
1821 1
1822 7
1462 2268
1522 9
1523 17
1573 2
1837 4
75 6
114 33529
133 8582
145 115
149 143
164 5
206 41
215 27
237 114
239 21
246 162
256 31
290 33
293 13
307 59
311 14310
334 148
344 25
356 31594
435 71742
476 13
478 192
489 6
496 4
500 144
560 54
588 36
609 527
618 51
635 45
691 1
709 112
719 293
731 46
875 15491
877 148
902 150
947 29
978 79
989 2
994 197
1037 6
1053 5
1068 17154
1072 188
1176 19
1200 79180
1252 36
1258 20202
1264 253
1320 51
1353 108
1359 20
1406 12
1426 155
1435 19650
1437 148
1438 3
1549 88
1573 99
1596 156
1611 166
1613 25
1617 70
1626 55
1628 183
1645 23
1664 270
1802 4
1820 26
1828 4
1837 24
1837 3
32 535
123 25
389 6
432 6
478 102
877 36189
994 2
1255 58694
1304 2
1352 1
1372 1
1405 16
1437 33608
1470 10
1630 4
126 30
239 1
317 28740
801 9
902 4
1252 36701
27 6
65 2
71 2
88 29726
227 2279
231 860
505 2959
559 9
1144 1211
1186 20
1217 158
1659 8
1690 79
126 6
134 3
169 123
203 94
215 27
246 31
256 35
300 180
321 217
322 202
335 28
361 4
381 29
383 92
435 43958
709 33261
731 88
870 112
872 266
876 24
972 7
978 72
988 42
989 39
1066 114
1068 147
1200 189
1252 62509
1264 2
1308 27
1374 32
1462 159
1567 50
1613 539
1629 29
1785 124
1828 2
123 4
240 6
510 6
877 8
1573 4
240 26
507 3
719 1040
875 38784
903 10776
114 55894
215 5
391 56083
727 5
766 55795
877 30327
1016 152869
1573 3
122 43
152 2734
482 169
604 1
684 564
830 88
844 78
851 1
860 3
862 10
977 2
1030 32
1048 156
1146 4
1190 4
1290 61
1310 5
1387 7
1476 1
1544 35
1677 154
1746 3
899 4
1437 4
1456 4
1573 2
1016 9270
1068 5
29 35
32 91
39 29
41 826
52 48
75 131
114 196548
123 25
127 37
137 29
145 1014
169 31576
206 28
215 473
234 26
239 44
240 633
246 108324
251 25
256 96
258 4
290 4
296 350
300 217
307 121
311 36213
313 44
317 126729
321 52
334 577
344 2
353 578
356 42783
375 1
379 321
383 37867
389 49268
391 109379
432 53
435 69375
450 23
452 25
478 234
494 150
496 27
500 30402
506 17
508 91
526 1341
539 2
548 25
565 42
588 27
609 2
618 10
619 26
683 4124
685 3
686 11
709 162
711 66553
716 370
719 226
727 312
731 354
749 176
759 19
760 331
766 50
872 87
875 41381
877 2397
879 11
902 30792
918 1089
926 38
940 3
959 49
964 43
978 2735
982 44347
988 382
989 140349
994 44111
1011 1293
1016 14555
1022 13576
1053 8
1066 64
1068 51785
1072 1620
1101 95
1162 222
1176 2442
1185 93
1189 1870
1191 13
1200 149873
1201 441
1231 421
1240 735
1244 34
1252 37488
1255 38622
1256 41
1258 329
1264 292
1277 32
1313 282
1316 47
1320 266
1328 2
1353 9
1359 170
1372 497
1376 11
1391 125
1403 709
1405 435
1406 42
1408 75
1411 96
1433 774
1437 179
1456 407
1480 355
1485 94
1504 118
1517 53001
1520 4
1549 193
1573 178
1596 50
1613 43173
1628 171
1630 534
1641 9
1645 8
1664 550
1700 79
1752 41
1820 5
1823 16
1837 139
628 12015
674 516
1378 67
240 66
874 24
1189 10
1255 12
1418 4
1482 8
1573 3
70 44
88 3677
264 261
402 29
440 146
726 9
793 2
804 1
854 67
1129 14
1181 7
1489 15
52 174
114 33176
215 42022
218 1117
224 3
246 1743
296 6
356 179
500 84693
526 109301
709 115
766 335567
877 70
902 943
982 43767
1016 223788
1201 3
1252 18201
1298 210
1405 52
1462 180916
193 13
155 22
176 740
268 1
371 6
389 2606
397 34
574 6
582 1
1449 13
30 6
32 51365
37 61
40 5703
53 433
70 868
74 3
75 224
80 28531
82 65
86 105231
88 657181
114 484895
123 51598
145 159
158 17
169 760
176 45509
188 5647
189 57
196 94932
206 25358
211 186775
215 137802
239 1501
240 134093
246 53809
251 37539
258 160
266 60486
269 1774
299 1
310 1
311 24328
313 97
317 103253
321 91
334 28
343 14
353 11321
356 52247
379 21390
383 99383
389 702773
391 491031
432 1
435 198261
449 44980
452 41
466 141
478 1487
485 2368
494 54248
500 272900
505 125916
506 1
507 36275
510 40500
512 424
526 1780
543 69287
579 501
585 461930
610 162
620 1286
622 21200
665 1638
669 14558
674 307079
683 3982
691 248
709 156120
711 385481
715 116689
716 306
718 7275
719 3772
731 365
749 1141
757 1
758 77
759 2
760 1547
766 259664
775 123633
801 29584
813 30958
828 55307
847 61194
875 532793
877 737706
879 36
902 336
903 143329
910 83977
911 52963
918 64
925 59
926 611
956 21905
963 82
970 21
978 63033
982 99068
989 107547
994 46283
997 5575
998 166
1000 34421
1016 53760
1022 57891
1035 383
1061 12
1067 57875
1068 505417
1072 1789
1082 5
1092 1338
1101 2
1106 10428
1139 151422
1162 380937
1171 166138
1176 2533
1185 1684
1189 135454
1200 628342
1201 202
1214 622
1231 226
1240 455812
1243 51050
1252 117519
1255 554130
1264 941
1297 94766
1300 4714
1304 91603
1313 117
1318 33235
1320 88
1322 39166
1324 162
1339 140
1350 6955
1352 47905
1353 3335
1365 162
1372 106457
1391 326
1403 342033
1405 6468
1408 22070
1426 34
1437 681887
1454 3232
1455 27037
1456 289249
1457 27929
1470 370183
1480 290858
1485 286028
1517 64178
1521 24512
1524 8539
1534 747
1549 157
1613 2901
1614 65127
1628 1442
1630 49887
1736 3631
1752 77
1762 2689
1773 55786
1788 50304
1790 49476
1822 193646
1831 73584
1834 85569
1837 31967
1838 1
29 3439
60 585
63 43
117 11506
134 1642
145 334
160 2305
164 23847
170 7273
210 557
215 145
225 4777
290 19414
300 17058
356 135
364 502
382 170
403 10939
432 3878
476 15586
481 6869
506 13761
548 12493
560 18180
588 279
597 20565
609 2067
613 3022
618 17233
619 2606
653 7292
693 2516
711 328
716 164
727 13757
731 134
801 9087
875 84
878 531
899 1274
908 55292
966 63561
994 322
998 9518
1016 66
1072 127
1109 98
1113 4769
1137 275
1185 344
1202 4953
1219 15267
1227 45
1230 23159
1246 1717
1258 140
1264 190
1356 19733
1374 15676
1391 45
1411 19020
1438 1849
1450 213
1517 170
1567 129
1611 14719
1617 1759
1628 41
1645 2075
1664 1464
1752 14929
1795 2449
1810 175
1837 5
32 22667
40 50389
69 57035
75 577
82 50
86 106545
88 18890
108 4808
112 151
114 545268
123 89569
145 1752
158 16449
169 129
206 2156
211 56637
215 502060
220 4
226 2415
239 410
240 70152
246 52707
251 8756
253 1
262 82
266 133684
271 13280
299 22984
310 2
311 64069
317 230767
321 2403
334 14567
336 26
353 6093
356 77393
379 2484
381 321
383 4843
389 767646
391 502900
432 375
435 190215
439 12107
444 104858
462 24
478 3315
494 96980
500 428085
503 314
504 1
507 38099
510 85
520 44
526 104896
543 265728
548 11
579 20980
585 37713
588 40
594 51
615 1709
618 156
631 43
644 11
665 385466
672 10193
674 587781
683 2301
686 2
691 377
709 577970
711 390097
715 251616
716 1051
719 355
731 2591
749 857
750 346
758 245
759 26
760 834
766 1009376
813 67768
828 107818
874 111
875 871379
877 1489618
879 2
902 2428
903 152777
908 318
910 423787
911 59988
913 207
914 17745
918 243
925 12871
960 270
963 172
964 117
978 56227
982 66200
989 103315
993 333
994 25956
997 116935
1000 69200
1004 13
1011 472
1016 203349
1022 78855
1035 374
1038 117337
1044 23208
1061 40830
1067 4567
1068 342818
1072 10129
1081 37
1082 93624
1094 486
1139 321678
1162 46
1171 183322
1176 1954
1185 295
1189 54693
1191 2
1200 939099
1214 17981
1231 126
1240 285443
1243 176815
1252 315216
1255 474496
1259 42
1260 1
1264 38069
1283 3
1297 22657
1304 95707
1320 748
1321 98507
1322 76004
1350 29277
1352 28456
1353 1840
1356 3
1359 1
1372 95772
1391 144
1402 56030
1403 721531
1405 21852
1408 53077
1413 33843
1421 520
1423 4
1426 154
1433 691291
1440 16255
1450 12
1454 94674
1456 30
1457 66492
1460 504
1462 68
1470 204453
1480 55105
1482 5
1485 368149
1517 44809
1534 727
1548 143191
1594 6
1613 4350
1614 269152
1628 1629
1630 24948
1645 3
1679 238
1694 5
1752 316
1773 48086
1820 16166
1822 240973
1831 108751
1834 28615
1837 204748
1843 66
1847 36600
30 42
114 48443
126 1
133 16816
169 24
204 44
234 4
356 30
382 6
389 33500
391 88607
432 31
435 2702
496 20
506 111
560 1
609 372
613 20
691 3
709 968
711 173
716 913
719 805
875 28462
877 16720
899 5
972 1
982 21039
994 27702
1068 1824
1091 41
1161 22
1176 406
1185 22
1200 70590
1258 17857
1426 6
1435 1863
1450 3
1485 2
1596 10
1631 21
1664 259
1700 25
1752 52
1795 117
609 87
215 229
389 212
711 212
877 822
1437 18196
868 4
1245 18
1470 37286
1688 2
620 145
673 7
676 1452
775 6472
191 1
709 10219
1549 47
31 258
71 24
185 5
505 21
567 4
712 45
855 6
1165 113
1207 57
1217 1452
1254 9
1349 89
1729 126
1742 18
88 20
185 19
427 9
475 3
505 1
600 18
814 11
849 160
855 10
1186 2512
1207 18
1217 29
1481 1
1528 9
1593 105
1660 88
1718 82
1720 22
1732 9
176 5
389 14089
574 4
747 11
1032 11
1362 8
1364 7
1432 2
60 166
75 109
78 123
82 287
114 56105
187 741
256 216
258 4
311 18
391 87237
496 23
618 18
711 41398
719 546
875 19051
888 2
899 49
988 45
994 30959
1022 15
1101 6
1176 36
1185 7
1252 121
1374 17
1461 57
1617 4
1644 12
1752 3
88 22
91 488
94 30
152 14
505 18
647 53
806 62
818 1
851 2
860 1
977 43
1387 1
1570 2
1729 2
1462 74
340 926
1522 13514
1523 10064
1701 13709
114 4823
145 67
215 7
389 748
500 27127
709 5721
711 34312
766 37307
870 5761
877 65506
982 173
1068 4859
1200 20253
1433 2800
1437 92988
58 10
88 13433
156 90
445 2
505 14
620 49
673 57
676 5
775 20539
821 15
847 3458
1186 1
1241 1
1306 142
1433 26714
1588 2
32 3539
75 16
82 75
114 47920
117 189
123 66226
145 60
156 138
169 1490
184 826
206 2924
211 19403
215 25479
239 77
240 221755
246 6851
265 113
300 168
311 4
317 161
321 234
334 76
353 40
371 99
379 2078
383 193
389 289654
391 249973
432 165
435 2502
478 1783
494 136
500 331
506 39
507 58
526 584
579 56750
585 13600
622 37
624 2
674 76722
683 2679
686 1
691 216
709 297
711 136195
718 13
719 1198
731 1152
749 50
758 20
759 2
760 5
766 44121
828 20786
867 8
875 294905
877 443364
879 249
902 115
903 856
908 1
918 9
964 141
978 4030
982 591
989 51409
994 112
997 392
1000 19
1004 80
1011 890
1022 648
1031 6556
1033 134
1035 3251
1066 116
1067 170
1068 81291
1072 332
1106 56
1171 17007
1176 300
1185 1634
1189 148421
1200 98208
1201 108
1225 115
1240 202921
1252 2370
1255 355861
1264 916
1318 163
1320 936
1322 33
1353 1657
1372 55177
1391 1
1403 316211
1405 6305
1408 5513
1411 148
1423 4
1426 344
1433 287028
1437 133
1457 1079
1462 60
1470 94451
1480 5137
1485 247389
1517 1966
1613 164
1628 334
1630 10290
1633 6
1737 145
1752 138
1773 38
1822 200
1831 111
32 31
88 8
114 26127
215 6
317 8732
321 38
383 171
389 35593
391 107930
435 3341
478 135
500 25582
507 2
711 88027
875 122
877 193582
978 61
994 35
998 6
1068 11113
1162 10
1200 39773
1240 13026
1252 314
1255 156774
1264 116
1304 7
1403 39969
1405 601
1428 50
1433 27488
1437 72020
1456 873
1470 8737
1480 13586
1485 295
164 5
114 95747
169 1
215 1816
246 1
317 37127
389 29215
391 63660
435 76
500 88954
526 58711
711 151153
766 40675
877 35835
982 40083
1016 226474
1072 101
1200 106
1252 2755
1255 15194
30 233
123 3
391 53438
485 1022
711 15
719 1174
1372 71
1664 53
41 246
60 2
93 16307
114 332356
128 5516
135 150
142 1561
145 46626
162 4318
204 137
215 173182
246 75792
258 28
262 31709
311 5303
317 134012
321 148
353 34
354 664
383 1017
391 132277
415 16437
435 13439
462 16
467 91790
500 164209
513 15795
526 250385
540 7
603 7337
618 141
685 132
709 105440
711 92533
766 520343
812 190
875 48
877 31954
902 2557
937 8870
963 30245
969 4133
982 469740
994 3779
1016 419911
1068 7298
1101 149
1115 258
1191 1
1200 152697
1227 6348
1252 241552
1255 78
1264 181
1273 87
1280 4363
1281 7012
1298 4704
1309 13724
1312 51590
1316 52865
1353 1026
1359 110
1406 7
1409 2002
1417 164
1430 176271
1433 233
1435 3
1437 514
1452 237
1463 12037
1470 86
1477 13341
1515 8687
1522 86860
1523 83193
1543 22894
1573 2
1613 56189
1701 16504
1706 7
1820 1732
1837 5695
114 4632
145 157
246 132
317 4294
500 156
766 10419
1016 36853
1201 115
1320 118
1462 12867
1522 102
1549 324
173 40
180 1491
47 16
81 4
475 158
567 9
600 73
787 1
814 221
865 4
1145 1
1186 774
1217 13
1446 1
1447 2
1481 1
1660 856
1677 6
1720 3
1732 23
1057 92
32 114148
40 1
75 1402
82 264
86 298
88 67091
108 3078
114 515476
123 55114
142 986
145 843
149 42
158 104
169 113
176 72024
179 8521
206 34231
211 232369
215 100479
233 24308
237 16
239 213
240 49522
246 127437
251 73080
265 4999
266 51536
311 555
317 1432
321 296
331 13955
334 37618
337 25056
353 26703
356 131514
371 196
379 1646
381 46
383 57409
389 721643
391 300863
432 187
435 194918
471 21069
478 5468
494 29570
500 86010
505 3630
506 24196
507 41278
510 54556
526 14822
532 128
543 3
548 6
574 7913
579 16886
585 178877
588 38
595 37885
610 122
613 64
622 37974
626 972
648 1650
665 1220
669 40193
674 81596
683 3724
686 143
691 8
709 44628
711 186774
717 25
718 68308
719 85
731 39470
749 73
757 10
758 77879
759 79
760 368
766 257719
828 3564
875 501430
877 419345
879 140
902 4775
903 176559
908 54
910 2421
911 3554
914 1007
918 76
926 1
956 27551
964 166
978 75927
982 114043
989 70960
994 77080
997 20077
1000 28921
1008 252
1011 21
1016 454
1022 424
1047 5175
1061 1
1067 64136
1068 240950
1072 31792
1075 4948
1082 152
1094 32
1109 6
1112 48
1139 21696
1162 236685
1171 10166
1176 44927
1185 45657
1189 86190
1200 243523
1201 795
1230 160
1240 289687
1252 88441
1255 572262
1259 19595
1264 604
1297 78710
1304 33911
1320 480
1322 10083
1339 25264
1350 11
1352 28090
1353 610
1365 6115
1372 153638
1391 193
1403 202982
1405 56250
1408 19335
1426 262
1433 380873
1437 196546
1442 38061
1456 93939
1457 9620
1480 145949
1485 165633
1517 78405
1524 37229
1549 288
1613 6473
1628 26345
1630 57821
1636 26142
1748 4412
1773 176
1821 107
1822 40741
1825 744
1831 29387
1837 29
215 5636
610 38
685 18
240 24
947 39
978 1698
1159 153
1390 4
1568 187
1626 1
391 16952
711 15491
936 25
91 279
152 6
297 26
308 20
647 4
805 2
977 1
1354 6
1383 14
1505 28
1462 15922
711 8105
685 1
32 8277
36 295
40 6935
75 457
82 14
114 106111
123 2417
145 515
158 40
169 302
176 197
206 8544
211 16295
215 1433
239 92
240 229308
246 3339
251 272
265 107
271 589
311 1032
317 12498
321 1523
334 64
337 51
353 21
356 195
379 3687
383 299
389 412857
391 182274
432 204
435 15204
452 50
478 1580
500 264
506 1
526 2127
579 23386
585 20617
588 96
674 82750
683 5861
709 46763
711 161429
716 88
719 1353
731 1868
749 33
759 210
760 886
766 35944
875 282139
877 306280
879 346
902 525
903 72578
918 232
947 40
964 97
978 8809
982 2185
989 50431
994 40
1011 252
1016 40
1022 119
1067 349
1068 99710
1072 378
1097 3
1162 1
1171 35834
1176 1881
1185 842
1189 248092
1200 105780
1201 422
1240 252467
1252 24748
1255 372024
1259 102
1264 1625
1304 11323
1320 1179
1352 31
1353 803
1359 249
1372 2
1391 1
1403 359932
1405 7982
1408 11620
1426 732
1433 291195
1435 85
1437 55610
1456 4491
1457 9839
1470 147374
1474 39
1485 229540
1517 11710
1613 1281
1628 1437
1630 7221
1822 90
1837 37
1843 397
88 31
152 2
475 13
482 56
505 1
567 19
568 5
600 8
684 6
814 1
830 53
844 11
1048 9
1130 1
1186 1110
1217 4
1290 5
1466 2
1528 11
1544 9
1660 921
1677 4
1720 5
1732 10
158 2
240 5
507 6
510 18
875 6
1044 2
1061 5
1162 5
1400 4
1437 3
1457 8
1485 5
1519 1
1630 3
1688 2
766 653
1016 218
158 70
334 12
588 105
719 610
875 20608
877 25816
1067 119
1240 20
1264 84
1405 2
1527 106
32 1612
82 20
108 11
114 196247
123 849
145 1546
169 5
189 65
206 1385
211 1608
215 1418
239 377
240 1
246 1181
250 135
296 34
311 12
317 269
321 845
334 148
356 176
379 1039
383 8449
389 420346
391 438216
435 24438
452 11
478 626
500 98060
506 13
510 59
526 1370
543 3
579 115
585 794
610 74
625 38
669 62
674 18065
683 2021
709 3992
711 186876
716 10
731 846
749 52
758 206
759 13
760 117
766 7719
875 218949
877 184
879 11
902 2194
918 28
925 9
956 6
978 2214
982 1408
989 18691
994 13
997 137
1011 863
1016 1477
1021 56
1022 313
1067 9
1068 99442
1072 412
1162 249752
1171 12066
1176 776
1182 3
1185 1211
1189 4
1200 278990
1201 74
1231 47
1240 135041
1252 1161
1255 497050
1264 730
1308 57
1313 135
1320 1011
1339 2
1353 964
1372 8931
1391 191
1405 2338
1406 40
1408 2
1426 24
1433 280606
1437 374990
1456 251333
1460 72
1462 52
1470 164572
1480 231478
1517 2867
1576 3
1613 685
1628 207
1630 1410
1773 90
1820 470
1822 15
1837 10768
29 5
114 245
164 41
215 35053
389 16
403 3
500 60597
709 1
766 73690
899 8
1200 37
1426 3
1573 10
70 18
88 3011
402 1
440 15
1429 23
1514 147
1837 8
11 5
679 5439
726 2
800 121
1247 137
1255 3075
1507 47424
41 101
313 114
709 482
719 277
1101 2278
1200 51780
1246 2143
1517 99
1664 477
350 355
628 54808
660 821
672 879
715 116854
810 138
813 12120
1117 22590
1139 138146
1317 18283
1378 11321
1584 19220
391 42175
485 264
590 44
719 1447
1372 119
1405 74
1628 43
1664 72
240 1
921 7
1585 29
30 3
114 339659
126 28
127 3
145 273
206 99
215 6369
239 410
246 24190
258 115
311 58
317 84178
321 193
356 8986
381 599
383 25743
391 58
435 12743
500 194
534 53
609 524
618 4
685 9
709 181
711 51
727 69
731 15995
766 68251
902 45
918 14
978 152
988 7
989 62227
994 129
1022 3179
1068 598
1074 2
1200 864
1201 28
1252 80
1264 278
1320 33
1328 293
1353 192
1359 131
1406 95
1426 48
1470 3
1517 153
1549 36
1664 1854
1837 11261
91 124
152 24
297 18
308 15
818 2
951 2
977 12
1354 3
1476 17
1016 17859
1462 1
1496 48094
1516 2
136 149
1176 95
1837 4
802 5
719 1137
88 523
505 1
1489 119
114 147
296 4
526 21957
709 347
766 337107
1016 59016
1462 9672
403 107
32 32315
41 191
49 32
52 81
63 30
75 1825
82 963
114 414877
123 6183
145 2493
169 27554
179 98
206 39805
211 480
215 74326
221 1113
234 79
237 1
239 3883
240 884
246 151914
256 59
285 4278
296 490
300 20
311 62214
317 162303
321 63042
334 118
343 178
353 50386
356 45971
373 11
375 155
379 218323
383 106011
387 947
389 319763
391 364126
432 5712
435 213133
452 11
478 1901
500 73087
506 398
507 71
508 22
526 47685
548 57
585 2009
588 90
591 80
609 761
610 41
613 143
622 1
669 18
683 120900
685 27
686 132
691 68
709 64676
711 82585
716 4302
719 879
727 524
731 6344
744 1914
749 1381
759 75
760 7612
766 27771
872 152
875 149857
877 176606
879 1207
902 158156
918 51757
947 42
964 649
968 14
970 7636
978 127054
982 185379
988 85
989 258014
994 47826
997 53
998 93
1011 2397
1016 98394
1021 17
1022 58276
1027 68
1047 66
1066 2487
1067 8
1068 232376
1072 34984
1081 50
1091 6797
1101 47
1109 11
1161 18
1162 10273
1176 54661
1185 93059
1189 2413
1200 463548
1201 2941
1231 2709
1240 4304
1251 66
1252 146042
1255 226189
1256 36
1264 33589
1277 69
1304 585
1316 10592
1320 4146
1322 2814
1328 1
1339 1
1353 44275
1359 4750
1372 3409
1376 58
1391 52414
1403 27109
1405 17429
1406 474
1426 57750
1433 60377
1435 171
1437 43398
1450 16
1456 6322
1460 74
1470 80599
1480 4764
1485 6155
1504 3
1543 129
1549 94
1563 184
1568 117
1579 138
1613 78918
1628 44192
1630 2744
1631 3
1645 365
1655 7265
1664 901
1700 288
1773 38
1799 46
1820 46
1823 2
1831 43
1837 17090
1843 4
123 5
143 15
164 91
500 40
760 45
766 41
982 471
1068 907
1390 4
1573 7
240 2
1255 1
1408 9
1482 3
114 59860
317 5
619 1
709 3
760 8
877 179
1201 595
1308 5
1426 4
1573 7
1613 270
478 4
875 16546
877 40341
1240 11370
1408 1
1433 24451
1822 14
114 98846
215 19903
317 59185
383 1368
391 1288
435 69
500 30533
526 37462
563 6
709 5282
766 60810
877 10
902 264
982 631
1016 113458
1068 862
1200 1667
1252 28923
1353 70
1409 6
1453 14059
1462 98548
1480 10
1523 32721
1573 2
1701 154
93 1
114 11752
144 4
296 2
317 1900
727 3
760 3
779 300
1016 37396
1231 2
1252 384
1309 48
1353 193
1406 72
1409 11
1453 9329
1462 88769
1463 155
1522 32760
1613 136
1701 3961
211 2971
240 130
877 5759
1324 1
1408 7
1433 6601
1437 11
1470 37004
1822 19
114 80
149 35
206 220
215 49
311 18
321 88
379 47
389 87
435 99
545 46
709 54
902 52
989 179
1068 47
1255 87
1456 47
1631 47
1773 44
1831 47
405 67
1302 58
1583 56
117 1
206 16
432 304
610 1
719 79
1068 24178
1484 106
88 36
185 17
505 21
568 801
814 8
849 1
1186 3139
1207 19
1217 19
1254 25
1447 27
1481 9
1660 138
1677 3
1718 18
1720 18
1732 5
1742 19
32 1496
1118 44
1176 198
1438 58
1464 72
1682 72
114 24113
215 28
709 8155
766 153951
875 98
877 34627
1068 491
1433 101
164 10
71 5
91 16
236 3
483 19
505 782
509 139
564 36
567 41
743 16
977 15
1040 9
1217 15
1228 48
1370 5
1684 9
1721 70
88 4
977 2
1597 2
114 20405
134 15
246 49
258 157
321 22
334 217
379 134
381 8
435 41256
502 6
526 44776
534 5
560 4
766 50
899 4
902 100
926 84
972 31
982 48193
989 22
1066 11
1072 167
1176 29
1252 43606
1353 167
1390 12
1405 2
1406 28
1411 2
1631 9
1664 37
1837 1
39 226
123 284
313 264
396 143
879 173
901 135
926 29
1021 116
1022 107
1066 24
1252 50
1255 88
1318 138
1353 41
1405 140
500 7
877 6
1573 11
114 28633
215 5054
246 121
317 54837
500 41895
526 5937
619 56
709 6288
727 9
766 73087
1016 76160
1068 1275
1200 1768
1252 22311
1462 26418
1522 3
67 11
122 79
152 197
482 702
684 11
830 37
836 2
844 108
1030 9
1048 104
1290 12
1387 9
1422 53
1481 10
1660 2
1677 5
509 8
47 35
114 6960
674 116936
766 34934
877 430951
1200 9314
1437 150200
41 1967
75 94
114 84105
119 23
123 59
145 217
164 105
206 97
215 13673
237 88
239 63
240 4
250 2
256 11
258 460
293 49
296 47
300 2
307 279
311 30834
317 79734
321 31
356 14049
373 40
375 89
381 4
383 62222
389 77
435 81663
489 17
496 55
500 50818
502 35
506 3
534 8
548 39
576 1
613 26
619 121
683 26
685 25
709 68022
711 32
731 7
760 264
766 179017
872 10
899 236
902 35768
916 1
940 50
947 39
970 85
978 31
982 56125
989 14
994 49
1022 200
1027 24
1043 25
1066 50
1068 124
1072 606
1101 288
1109 59
1176 9
1185 10
1200 160092
1201 222
1231 212
1252 96380
1264 238
1270 33
1316 94
1320 109
1353 321
1368 260
1376 39
1391 4
1405 46
1411 65
1426 296
1433 161
1445 47
1460 1
1463 3
1470 100
1517 7
1573 5
1613 167
1628 12
1631 3
1645 74
1700 15
1780 5
1799 105
1837 2721
164 4
758 2
114 1265
766 78
628 351
674 236
51 22
88 2
484 7
505 2974
509 14
567 53
689 36
696 40
865 1
1121 8
1145 2
1186 15
1346 35
1481 16
1536 16
711 13817
766 9259
526 437
978 3954
1517 200
1837 4
526 3862
727 1
1016 5695
1231 5
63 31
206 72
234 180
246 344
256 237
383 161
539 34
565 135
605 259
870 36
899 63
903 554
1353 153
1406 28
1417 172
1435 131
1611 32
1645 155
1752 137
612 164
669 61
727 64
1073 80
1302 214
766 1
91 3
505 2
806 2
977 181
1121 2
38 827
41 7
105 3
112 4
128 3
138 2
142 1
144 2
162 3
183 5
189 2
215 6
226 1
229 6
238 3
240 205
258 1
284 1
287 14
293 1
322 49
341 1
379 2
381 131
404 2
406 4
439 4
459 3
462 10
498 2
502 15
504 7
534 5
543 2
566 2
584 1
606 6
631 49
665 2
702 24
709 18
722 3
733 5
772 3
782 6
791 2
801 2
875 4
877 2
882 55
894 16
895 4
898 1
903 3
910 22
915 5
926 4
927 1
944 26
947 64
953 8
966 8
982 5
989 68
994 2
1016 8
1022 30
1068 4
1079 5
1087 16
1090 252
1109 20
1112 9
1120 2
1134 4
1157 2
1162 6
1179 2
1220 1
1221 6
1255 3
1256 2
1282 6
1289 1
1293 1
1320 3
1353 99
1364 5
1376 4
1408 4
1419 6
1423 2
1426 158
1434 2
1474 1
1482 1
1485 4
1518 4
1520 6
1524 1
1534 9
1543 8
1549 46
1610 23
1617 1
1621 6
1630 2
1673 2
1780 31
1782 1
1822 10
1823 2
1828 5
1837 212
1847 29
1858 1
269 2
679 6
215 2760
709 186
1162 3039
181 4
240 12
389 5260
1255 3916
1016 2963
52 310
114 18515
711 31429
994 20
1016 47938
1405 168
711 2480
246 1
875 1
877 261
1162 1401
1119 54
1526 59
1499 19520
921 14
1329 1
1347 4
1793 18
1796 24
679 2
58 5
679 9
775 630
1241 1
1214 2
309 14
374 52
505 145
1228 3
628 10401
674 2016
88 2
475 17
568 20
600 18
814 9
834 12
849 16
1186 885
1447 110
1660 37
1718 75
1720 18
1732 27
1742 8
215 2
711 13702
877 26303
1162 4586
1428 3
1437 6
60 1
89 88
100 1
114 154293
126 8
145 56
149 187
169 13
206 73
215 3
239 227
246 374
256 14
258 1
293 254
311 27
317 59179
321 53
344 18
356 13
379 15
381 151
383 536
391 17244
435 1
496 2
500 50
508 1
526 15557
545 82
618 396
619 152
683 21
709 276
725 129
727 1
731 61
735 48
872 37
899 13
918 1
982 4058
988 38
994 29398
1016 26589
1022 68
1033 79
1101 6
1161 10
1176 244
1185 72
1201 123
1231 2399
1251 99
1252 124
1277 61
1320 4
1324 141
1353 556
1374 25
1391 19
1405 3
1411 14
1426 1
1438 7
1613 10941
1628 14
1629 26
1645 40
1664 124
1752 20
1837 7
152 2
977 86
766 469
67 79
91 40
122 2
152 2325
308 2
482 8
557 7
684 2
816 2
817 131
818 10
844 7
851 1
862 25
1102 2
1146 5
1266 2
1387 6
1544 2
49 139
114 68162
164 17
215 2
317 189
435 2
500 255236
648 1
766 292740
877 53155
1016 2181
1072 48
1200 207
1252 68882
1573 8
685 5
1573 1
240 1
949 12
1186 178
122 1
152 1518
369 78
458 9
604 1
689 1
816 24
836 19
844 3
851 20
859 4
860 1
1102 1
1130 55
1146 4
1190 203
1266 1
1310 1
1677 9
1746 192
47 3
70 8
115 6
122 9
152 103
402 1740
482 44
647 2
726 6
803 1
823 53
827 11
830 9
836 27
844 59
860 12
1146 2
1422 26
1634 9
1677 32
156 1
215 16
537 2
619 2
709 4
877 10
1200 1
1328 4
1573 16
41 825
211 128
240 8
435 19472
609 1018
655 6
685 1
709 285
716 260
719 109
725 1
731 63
735 31
778 83
874 127
936 1639
1004 133
1068 2288
1200 29161
1246 1549
1258 14403
1376 6
1411 109
1435 15114
1567 33
1628 136
1630 142
1664 399
628 668
674 195
32 10219
37 33
41 50924
75 43456
82 228
112 258
114 924503
123 35107
126 6866
145 88759
169 55443
173 155
176 107
206 128754
211 360
215 143451
226 4
239 75850
240 679
245 135
246 299323
251 76
256 1
258 38381
262 122
266 226
296 163
311 69719
317 354002
321 88967
334 270
354 27
356 66292
379 21311
381 19768
383 171780
389 217658
391 311178
435 284212
462 288
478 2777
500 305743
502 17108
526 245850
534 21677
545 190
576 17340
585 1110
609 13286
610 90
613 6059
619 50
625 401
683 114268
685 31837
709 157515
711 236130
731 117608
749 91562
759 6
760 65070
766 292921
875 95163
877 46845
879 29
882 14
899 40
902 140544
903 42
908 56277
910 1429
918 1236
947 35
964 146
966 2483
970 152
978 71382
982 30
984 132
988 3
989 182131
994 85593
997 434
1004 120
1011 89297
1016 217010
1022 94757
1068 131641
1072 98368
1162 2055
1168 56
1176 2706
1185 3533
1189 699
1200 250952
1201 31963
1231 96379
1240 1652
1252 344720
1255 128314
1264 103164
1277 12691
1281 112
1293 295
1312 534
1320 99818
1322 38
1328 926
1353 93171
1359 108
1372 695
1376 35819
1402 133
1403 2593
1405 35915
1411 28
1426 42646
1433 2323
1437 4683
1456 777
1460 126
1462 54719
1470 7079
1480 1068
1485 522
1488 5
1504 116
1517 83462
1520 132
1523 202
1549 177
1596 10609
1628 340
1630 639
1664 67
1671 56
1679 65
1782 81
1783 1251
1799 7336
1820 3698
1822 90
1831 2
1837 102098
1847 486
88 33730
391 193
435 8030
500 53352
628 33707
674 24108
766 24634
877 456186
1433 69239
1437 266375
391 9782
711 12038
41 822
114 88557
117 11
169 13
234 9
290 124
311 5
317 54364
356 1543
375 2
383 1
435 10905
452 7
609 489
613 24
619 2
685 1
716 124
778 201
918 10
982 17998
994 42
1029 146
1072 98
1109 76
1200 9229
1252 130
1258 13875
1405 1
1411 7
1435 1777
1549 3
1596 2
1631 9
1645 194
1664 1275
1837 5
99 8
240 8
875 2
500 48
1573 6
509 2
564 15
567 16
977 16
1346 16
1481 16
1557 16
239 93
307 28
685 2
882 1
982 172
1022 60
1200 59
1264 26
1411 56
1426 33
32 1935
75 32
82 73
114 81692
123 3941
127 145
169 304
179 20
206 827
211 276
215 433
239 117
240 382
246 425
256 18
258 62
296 4
300 43
311 1031
313 46
317 87
321 735
334 1
343 247
353 345
356 168
373 14
379 129278
381 86
383 412
389 177450
391 279116
428 80
432 100
435 34299
452 17
462 36
478 652
485 144
500 12818
506 133
526 128
534 9
585 22
588 16
610 35
613 58
683 97844
686 80
691 9
693 34
709 254
711 125548
716 47
719 1118
731 385
748 148
749 7
758 128
760 2
875 38757
877 16556
879 235
902 194
903 78
918 3
964 305
978 45
982 919
989 10352
994 43071
998 32
1011 13
1016 4714
1022 10
1027 7
1029 33
1066 43
1068 27401
1072 2295
1162 550
1176 97
1185 216
1189 1312
1200 121347
1201 47
1240 144
1251 34
1252 94
1255 68485
1256 42
1257 138
1264 899
1304 16
1320 10
1353 48
1372 341
1374 38
1376 12
1403 2513
1405 1425
1411 177
1426 146
1433 289
1435 38
1437 215
1456 137
1470 28023
1480 2196
1485 747
1517 50046
1549 10
1611 136
1613 2934
1630 67
1631 2
1645 25
1664 270
1700 5
1773 14
1799 30
1807 8
1820 18
1822 122
1831 2
1837 70
39 48
114 4834
206 24
256 41
293 37
381 53
565 124
899 177
994 7167
1065 6
1417 29
1573 41
1596 27
1645 137
32 48737
75 432
114 106104
123 1360
133 149
145 208
158 426
169 267
176 4
206 2261
215 1132
240 1071
246 1619
251 83
296 148
300 168
311 41
321 31
334 17
379 1274
383 1769
389 226021
391 282863
428 51
432 27
435 328
478 322
494 590
500 127
506 26
507 583
525 19
526 2
579 4
585 250
595 16
622 2
669 83
671 86
683 1517
686 22
691 231
711 91014
719 1057
731 632
749 6
752 28
760 227
875 162851
877 196871
879 55
902 1616
903 152
918 8
956 150
978 2975
982 739
989 66458
994 297
997 18959
998 21
1022 10
1061 25
1066 4
1067 6
1068 48103
1072 121
1106 55
1162 14005
1176 167
1185 381
1189 1058
1200 86977
1201 2
1231 357
1240 3900
1252 568
1255 209500
1264 239
1304 134
1320 345
1322 23
1339 52
1352 20
1353 588
1372 1221
1391 27
1403 96088
1405 854
1408 29
1413 251
1426 438
1433 50959
1437 24331
1456 5355
1457 101
1470 58450
1480 8824
1482 2
1485 2717
1504 22
1517 1781
1541 29
1611 142
1613 752
1664 79
1773 2
1821 1
1822 9
1837 4
1843 1
75 5
126 11
145 6
164 2
169 36
204 15
206 9
237 16
239 10
300 14
311 28
381 3
389 4133
403 2
435 71801
489 3
506 4
548 14
560 1
610 1
613 28
691 13
711 24
716 7
731 46
759 10
899 18
902 1924
1022 47
1053 146
1068 23449
1176 2
1185 6
1200 64279
1320 79
1328 21
1359 6
1376 11
1390 15
1525 48
1540 10
1549 7
1617 8
1630 14
1645 6
1837 33
657 26
1068 2452
193 32
240 10
423 17
507 36
152 14
402 162
805 1
823 6
860 1
1609 15
156 4
921 10
1767 4
1822 1
240 11
875 6514
1470 28989
391 26547
1696 130
169 4
215 240
500 45155
766 56042
877 195
982 946
1016 4763
1057 2769
216 1
391 49059
711 25224
1240 29
29 9
35 6
41 1295
52 5
63 26
75 20
114 153770
117 32
123 73
127 69
134 137
145 83
169 23
206 128
211 100
234 578
246 12
256 166
258 42
290 179
293 30
300 1
311 5671
317 99093
321 226
345 49
356 20431
381 22
383 27148
389 19480
391 56280
435 34255
494 163
500 10734
506 7
526 18468
536 49
548 5
560 30
565 36
588 7
605 159
609 518
612 5
613 19
619 37
683 19
685 188
709 27818
711 42104
716 169
719 486
731 61
759 22
899 37
901 4
902 8871
918 41
926 1
943 44
972 14
978 356
982 64392
988 40
989 22
994 39785
1000 1
1004 5
1016 11233
1022 204
1029 22
1043 23
1066 3
1068 11908
1072 52
1101 5022
1109 48
1161 3
1168 51
1176 96
1185 51
1200 76674
1201 44
1240 58
1246 14586
1252 17785
1256 11
1258 26889
1264 93
1320 183
1339 100
1359 9
1372 32
1405 26
1406 40
1435 2089
1438 31
1504 5
1517 442
1540 4
1549 20
1567 186
1596 16
1617 81
1629 137
1631 7
1644 1
1664 1777
1700 14
1752 53
1785 32
1799 17
1803 28
1823 30
1837 97
1408 1
965 59
685 4
685 1
70 170
793 1
1262 11
1307 4
1739 1
240 1
1408 1
49 44
1517 7644
75 11
114 36388
500 245
711 34618
766 3286
1016 171884
1462 46
71 1
227 2
505 87
509 7
1144 1
1416 5
1690 4
88 6120
91 8
94 1
122 8
152 12
475 252
482 23
505 19
509 32
567 3
568 56
600 166
689 2
787 70
806 9
814 461
818 6
830 67
844 47
849 29
865 1
977 1
1030 1
1046 1
1048 9
1145 19
1186 1979
1207 3
1217 29
1447 100
1466 886
1481 1025
1528 116
1544 8
1593 20
1677 24
1718 15
1720 891
1732 123
290 1
759 1
1837 1
1072 9
29 506
30 100
32 129
39 99
60 455
75 130
82 152
114 11761
117 223
123 524
126 616
133 75
145 91
169 182
206 305
215 66
216 102
234 296
239 584
246 646
256 1083
258 378
272 87
290 742
296 47
307 122
311 832
317 1634
321 172
343 873
344 223
345 115
356 105
375 402
379 382
381 693
389 113
391 833
435 1190
478 117
496 392
500 217
506 240
508 166
526 677
560 481
590 461
605 121
610 574
612 240
613 534
618 783
619 1312
635 399
683 394
686 129
709 255
711 628
716 198
727 651
731 1680
748 651
749 267
760 555
872 179
875 117
879 126
880 246
888 76
899 191
902 132
903 388
936 488
972 483
978 110
988 353
989 1052
1004 89
1022 867
1027 375
1029 428
1043 44
1066 229
1068 379
1072 91
1176 412
1185 125
1189 100
1200 189
1201 223
1231 445
1252 393
1256 322
1258 930
1264 248
1277 175
1320 65
1328 189
1353 1566
1356 275
1359 877
1374 297
1376 144
1391 539
1403 84
1405 947
1411 450
1426 546
1435 1314
1438 557
1461 429
1497 476
1500 73
1504 1847
1517 902
1527 427
1540 92
1549 54
1596 242
1611 342
1613 66
1617 1206
1628 194
1630 79
1645 1766
1795 667
505 172
567 1
114 41281
317 6148
526 4
766 34866
1016 56865
1252 1401
1517 71
10 2
91 18
297 1
977 3
1476 14
1573 2
577 40
1245 1667
658 100
67 9
88 28
122 4
152 4421
369 6
482 46
568 9
604 1
684 435
814 9
817 5
830 20
836 5
844 45
860 13
977 20
1030 2
1048 43
1130 16
1186 19
1190 28
1254 19
1290 38
1310 23
1387 24
1422 152
1466 6
1481 4
1528 3
1544 4
1608 8
1609 60
1660 24
1720 18
1746 21
114 17602
215 198
391 286
766 59704
875 167
1252 25088
1437 17
1613 62
52 1
711 5037
201 79
391 45
674 2
989 43
1011 72
1068 8
1279 135
1382 61
1437 39
1533 238
1773 261
1776 75
1799 2608
70 17
88 15677
269 21
483 1
505 23
104 187
505 1835
509 21
564 429
743 18
788 3
1034 1
1721 29
240 9
330 7
389 4421
218 127
711 17279
875 124
982 104
1221 2
3 14128
240 25
424 4786
577 39755
868 2113
1245 131
1372 204
1442 18
1485 5
133 1
709 58336
766 78907
573 3
1416 61
975 2
1189 1826
1304 3
215 3
403 6
500 9
685 5
877 4
1573 13
145 5
766 9144
114 42205
345 64
918 136
1641 130
41 1
88 2
321 4
349 4
875 4
882 8
973 24
1072 4
1112 3
1162 2
1204 4
1252 2
1255 3
1287 13
1457 6
1573 12
1822 2
1837 4
389 118
1072 96
29 6
52 20
75 11
114 157140
117 19
126 4
204 1
256 20
258 31
296 42
311 50
317 46728
344 16
356 8
381 98
383 149
391 67733
432 1
435 33
496 14
499 1
508 226
534 56
617 98
618 15
619 40
691 5
709 2
710 292
711 34012
727 4
879 36
899 18
943 127
988 17
994 40292
1016 444
1027 107
1029 55
1066 38
1176 11
1185 83
1201 27
1251 117
1320 5
1353 22
1359 20
1406 1
1426 102
1450 72
1517 3
1549 9
1586 28
1628 2
1644 7
1645 8
1752 2
779 9673
1453 14772
1462 17513
1522 200
1523 4061
685 5
711 14368
982 176
1016 489
766 177
877 2
1016 183
709 73
1016 66461
921 3
1780 5
651 3
749 8
1549 3
240 23
903 9
1200 43
70 19
70 146
70 7
88 61
726 14
793 2
794 3
796 1
826 6
838 3
1262 4
398 25
427 2
475 1
849 44
1186 1054
1254 19
1447 74
1528 18
1593 70
1607 2
1660 11
500 35806
766 59029
1200 74585
88 8
122 6
152 5
475 23
482 23
567 6
568 4
600 7
743 2
806 1
814 9
830 92
844 41
1130 2
1186 1460
1217 6
1447 27
1466 2
1481 10
1528 1
1593 21
1660 814
1677 18
1732 15
104 2
277 8
302 2
505 817
509 10
564 98
743 2
788 8
1034 4
1536 80
1684 30
505 39
564 3
1426 3
283 4030
413 28
454 101
558 4
646 46
704 36
705 1867
786 2
789 4
792 115
833 17
846 2065
857 611
863 135
912 96
1076 3692
1126 46
1288 85
1300 8
1726 91
1731 137
1745 96
1854 24
1855 697
1856 358
1037 1
846 3
1724 98
156 15
1092 26
402 3
726 2
31 73
185 98
427 11
600 6
712 35
855 16
1165 22
1186 8
1207 202
1217 3929
1254 9
1349 250
1446 106
1742 3
875 24
1724 161
398 7
475 45
600 77
814 54
849 15
1186 1136
1217 1
1466 27
1593 18
1660 97
1720 18
67 5
115 8
152 1694
458 23
482 1
604 1
816 5
817 4
836 19
851 24
859 15
860 25
862 10
1146 5
1190 2
1266 21
1310 12
1422 1
1743 16
70 1
726 2
1307 1
114 72
1302 100
88 2232
775 3213
847 1791
1300 398
1433 3143
356 70
759 79
371 33
389 2386
874 304
957 11
70 167
402 17
458 3
464 2
1262 1
172 11377
802 133
921 1673
1768 2
1824 14
1834 2
31 25
65 14
185 43
427 13
509 20
567 24
689 1
712 18
844 3
855 292
1165 12
1207 56
1217 3296
1254 135
1349 378
1446 16
1536 23
1593 8
1729 9
115 3
152 2886
369 47
458 102
604 26
816 108
817 6
836 98
844 2
851 9
859 148
860 118
862 24
1030 6
1146 53
1266 10
1310 2
1733 13
1746 1
685 2
1724 99
70 1
115 6
152 1788
369 44
482 4
684 6
816 1
836 27
844 2
851 13
859 4
860 2
1048 15
1102 2
1130 94
1146 30
1190 334
1266 1
1310 7
1422 1
1608 189
1677 33
1743 3
847 33
1724 7
1470 4433
435 5
29 6
60 30
114 69563
123 384
133 1614
145 58
169 306
206 461
211 22
215 9
234 40
256 184
258 7
293 35
311 43
317 31747
334 36
356 19858
383 241
389 21255
391 135630
432 41
435 15837
478 211
494 36
500 10864
548 11
549 12
605 58
609 546
613 78
618 45
619 21
623 40
709 11
711 39070
719 225
727 30
731 60
760 1
875 14537
877 14778
899 33
902 12131
918 22
956 38
972 9
988 5
989 753
994 34077
1004 160
1022 33
1043 15
1066 31
1068 19117
1072 153
1081 15
1161 2
1176 37
1189 130
1200 88029
1244 19
1255 134
1264 13
1374 19
1390 13
1403 143
1405 126
1435 15114
1456 96
1480 98
1497 40
1549 14
1567 147
1596 4
1629 159
1630 1
1645 99
1700 6
1820 9
1823 4
1837 74
1057 107
921 16
88 3387
269 127
775 3796
1433 2725
628 6082
156 20
802 20
921 48
1240 7
156 7
802 165
156 5
1635 4
544 5
802 341
921 13
1741 2
709 1
1573 4
505 218
1206 49
802 275
921 7
1216 4
75 10
88 102
206 36
239 43
240 11
321 114
334 168
344 5
371 142
389 66130
391 412
435 11
500 36
506 4
510 59
613 47
711 37637
719 324
731 167
758 4
875 69512
877 35955
918 3
978 36
982 268
989 44
994 20
1047 1
1068 64190
1162 52
1171 756
1185 22
1189 57
1200 42324
1255 56558
1264 17
1304 16867
1320 6
1353 17
1403 268
1433 54403
1437 46527
1456 82
1470 107
1517 58
1525 47
1613 13
1630 73
505 16
875 1
1403 10
802 36
802 23
921 3
802 538
921 36
1167 4
41 8
156 4
489 12
875 3
877 6
982 2511
1191 8
1398 3
1403 4
1549 4
1573 12
802 26
921 4
75 149
215 45
239 82
246 46
500 108
526 84
709 46
766 41
1252 93
1264 121
1376 65
1573 1
114 548
215 24728
356 32
435 12827
500 56946
526 1658
613 2
683 4
709 11955
711 58
766 23441
902 6178
982 11995
1176 14
1185 25
1200 17744
1201 15
1252 18990
1258 1665
1353 3
1613 1208
802 327
921 84
41 32
89 33
145 290
149 99
203 61
239 1
272 136
300 222
322 198
353 99
432 22
536 41
619 57
685 8
694 20
731 35
735 43
778 397
870 102
947 2
989 55
1022 23
1066 279
1068 127
1255 303
1264 70
1302 36
1353 30
1417 129
1837 2
500 6
379 2
731 120
449 19
485 728
719 1119
1297 67
1420 3
1433 51504
75 11
232 6
875 4997
1240 146
1433 46982
505 13
802 343
921 174
1585 18
356 1
41 3388
49 29
78 120
296 131
506 115
548 117
609 254
982 12811
1091 118
1101 5560
1109 126
1258 1576
1359 2
1435 2549
1438 115
1664 667
921 4
1585 23
505 24
114 79
149 86
169 3
206 47
215 12850
239 253
296 142
317 8160
321 40
334 44
379 44
383 16073
389 6617
432 7
435 39980
500 45550
526 12516
545 129
560 11
613 4
685 1
691 68
709 46681
727 2
766 1
875 825
902 21666
918 7
940 1
972 23
982 17387
989 8
1016 2
1029 5
1068 54
1200 84033
1201 3
1202 2
1252 33926
1256 6
1264 357
1353 213
1406 23
1411 12
1426 21
1517 41
1525 44
1613 7304
1628 7
1631 1
1645 29
766 7
802 251
390 1
685 5
1411 4
134 40
169 15
215 24
300 2
311 475
356 34
390 36
435 23400
500 45240
526 10777
709 3944
766 31
872 1
918 18
982 2836
989 16
994 3
1200 19736
1628 7
1631 3
500 14753
709 3
117 5
389 25048
403 1
432 8
548 1
875 8110
1022 136
1068 31180
1200 5287
1255 233
1304 12
1068 7620
88 237
505 118
775 40
206 35
290 2
709 17
766 120
1251 3
1302 308
500 45
237 1
685 1
685 3
802 156
500 832
685 6
921 11
215 40360
500 111065
685 1
989 46530
1101 1202
88 7
505 9
41 398
75 39
114 77205
117 27
123 22
137 2
145 6112
149 5
164 4
169 28
176 2
204 12
215 44383
239 228
246 72
256 6
258 40
311 33962
317 26876
321 66
356 7194
383 28374
389 21408
391 41881
403 5
432 1
435 62170
500 105057
526 169681
545 139
613 137
618 29
619 71
683 45
685 64
702 4
709 60558
711 16732
731 32
759 17
760 32
766 55308
872 9
875 59412
877 53809
902 130009
978 18
982 79283
988 2
989 58
994 54
1016 120688
1029 6
1037 13
1066 34
1068 29940
1072 285
1101 9
1176 21
1185 1
1200 187544
1201 11
1231 228
1252 74124
1255 998
1264 305
1353 168
1359 139
1372 78
1374 78
1376 7
1391 2190
1411 9
1426 102
1437 15550
1462 1657
1470 165
1485 368
1517 27
1540 30
1573 2
1613 4526
1631 11
1700 65
738 100
877 23735
1161 78
1255 55307
1415 65
32 84
88 10675
98 3
99 2
110 2
114 6382
156 94
215 1211
239 430
317 875
321 47
332 8
379 44
383 1280
389 75467
391 99969
428 2
432 2
435 7208
443 5
463 1
476 1
500 45877
525 8
548 3
585 5
595 2
613 127
674 111873
711 75110
766 49279
802 2
828 9566
875 134995
877 397579
902 86
911 5819
921 15
978 5
982 508
989 155
994 1084
1061 24
1066 13
1067 21
1068 69807
1162 41
1171 84369
1176 1
1186 145
1189 49
1200 132562
1214 62
1217 7
1231 5
1240 77460
1252 207
1255 91134
1264 49
1304 22828
1318 8
1353 148
1372 1
1403 26623
1405 6
1408 6
1426 2
1433 188453
1437 238795
1456 190
1470 37832
1485 17
1517 48
1521 14
1524 17
1525 45
1573 5
1613 41
1630 11
1698 2
117 8
206 51
215 18
311 21
321 34
389 51899
391 3
435 3
534 8
613 26
685 7
711 60
716 7
731 97
766 202
875 17498
918 1
982 7731
989 39
994 1
1022 37
1029 7
1068 81014
1185 15
1200 63801
1252 47
1255 10185
1256 3
1264 9
1426 12
1438 26
1497 1
1628 2
1645 8
314 4
544 18
802 1109
921 8184
1347 12
1741 5
1470 739
117 3
246 3
300 1
389 28361
432 22
766 33
875 8698
1068 33605
1200 7462
1255 349
1264 13
1426 2
1628 5
1016 2
117 3
126 2
169 1
215 3
432 15
435 23062
560 2
619 12
872 1
982 2501
988 8
1185 3
1200 15202
1231 6
1252 44
1411 1
1573 5
156 6
877 4
88 170
505 179
775 172
98 2
123 123
126 2
133 2
145 84
206 111
215 12
239 43
240 13
246 99
321 53
325 1
379 40
383 671
389 91172
391 66397
403 100
435 132
478 10
500 52614
526 76
545 40
548 2
613 69
674 9394
709 64
711 152574
719 130
875 118875
877 119754
899 3
902 242
978 110
982 12322
989 46
994 60
1022 54
1066 1
1068 74856
1072 18
1075 1
1171 14246
1176 12
1185 59
1189 37
1200 80911
1240 10414
1252 186
1255 131782
1264 112
1304 40192
1372 13
1403 27331
1405 2
1433 71816
1437 109070
1456 36
1470 30792
1497 5
1517 115
1613 71
1630 25
1645 1
463 8
321 27
766 1603
156 220
334 4
494 4
544 6
674 2257
709 2
802 60
875 11646
877 8
921 457
1068 5
1182 4
1347 6
1433 84722
1437 27815
1741 2
978 2
1068 38
1573 5
114 151
169 1
500 17851
29 2092
32 1
41 4108
49 61
60 88
75 4515
98 4
108 1
114 166143
117 14
127 11
130 5
134 15
143 4
145 13316
149 122
156 49
159 5
169 63
179 16
189 79
206 17828
215 133077
217 119
237 17
239 139
246 33475
258 13
290 64
296 39
300 31
311 50758
317 101940
321 17144
322 4
334 291
356 38400
371 60
379 63
381 2421
383 64101
389 109969
391 124264
403 18
411 5
432 130
435 96595
452 4
462 5
471 5
476 11
478 8
496 6
500 226302
506 17
526 190509
534 21
537 8
545 43
548 58
552 2
560 29
563 21
613 3715
618 21
619 230
657 4
667 7
669 5
683 59
685 1730
691 13
700 3
702 2
709 78844
711 101968
716 406
727 75
731 13325
735 5
759 16
760 90
766 90427
872 11
875 180095
877 234205
899 8
902 331831
903 49
940 21
972 23
978 9232
982 222667
988 4034
989 222
994 17589
1011 3607
1016 235978
1021 58
1022 12909
1027 75
1037 13
1041 4
1066 41
1068 86173
1071 17
1072 4455
1075 6
1084 4
1101 24
1162 49
1176 124
1185 204
1189 1
1200 388230
1201 19
1204 4
1221 2
1231 18219
1237 13
1240 11444
1244 64
1252 123789
1255 52946
1256 12
1258 328
1264 21037
1277 3
1308 160
1313 54
1320 4337
1328 4899
1336 3
1353 31139
1359 7079
1372 2
1376 2555
1377 3
1390 39
1391 57024
1403 18317
1405 39
1406 79
1426 133
1433 32005
1435 5
1437 200051
1462 5968
1470 36
1480 101
1485 11115
1504 12094
1517 17923
1522 46
1540 1
1549 2698
1564 5
1573 223
1603 13
1611 8
1613 101185
1617 5
1628 90
1630 147
1645 35
1662 1
1698 2
1700 54
1785 2
156 3
802 8
391 2
877 27522
1162 646
1200 7174
391 3583
507 151
711 24050
875 35
877 29964
1022 890
1068 7157
1162 588
1200 1095
1240 961
1255 10428
1437 53
1480 390
1630 1
711 8704
877 19870
1068 899
1162 76
1255 1462
1403 7
802 251
921 31
152 20
114 59931
145 2
156 1
164 2
215 68803
389 2453
391 117
403 1
500 61799
622 3
683 4
685 33
709 47449
731 6
766 220714
875 4
877 77181
1016 70878
1037 6
1068 2
1072 7
1200 69451
1252 36558
1391 3
1437 36752
1573 39
1613 474
526 4124
1016 289
802 2
1724 20
705 1
1724 682
1724 365
38 3
685 1
1573 2
